-----
Simulation parameters:
Using 100 nodes.
Using 10 snapshot period.
Using 100 as maximum number of snapshots.
Using 1000 as maximum number of snapshots.
Using 1000 as height.
Using 0 as GUI option.
Using 2 infected nodes initially.
Using 100 as infection period.
Using 200 as contagion period.
Using 300 as immune period.
Using 10 as travel distance.
Using 1 as printout option.
Using 0 as stop_all_sane condition.
-----
98 2 0
98 2 0
98 2 0
98 2 0
98 2 0
98 2 0
98 2 0
98 2 0
98 2 0
97 3 0
95 5 0
95 5 0
93 7 0
93 7 0
93 7 0
93 7 0
93 7 0
93 6 1
93 6 1
92 7 1
91 7 2
91 7 2
90 7 3
90 7 3
89 8 3
89 7 4
89 7 4
89 7 4
88 8 4
88 7 5
87 6 7
84 9 7
83 10 7
83 10 7
83 9 8
81 11 8
81 11 8
80 12 8
76 15 9
74 15 11
74 15 11
74 15 11
74 15 11
75 14 11
75 14 11
74 15 11
75 15 10
73 16 11
72 15 13
73 14 13
73 14 13
73 12 15
73 12 15
74 11 15
75 12 13
75 10 15
75 9 16
75 9 16
75 7 18
75 8 17
75 8 17
75 7 18
75 6 19
74 7 19
74 5 21
74 5 21
71 8 21
71 8 21
72 8 20
72 9 19
72 9 19
72 10 18
75 10 15
74 10 16
73 12 15
74 12 14
73 13 14
73 13 14
73 13 14
74 12 14
75 12 13
75 12 13
77 11 12
75 12 13
76 11 13
77 10 13
78 8 14
78 9 13
80 7 13
80 6 14
80 6 14
81 5 14
82 5 13
82 5 13
83 5 12
82 5 13
82 4 14
82 4 14
82 4 14
82 3 15
-----
Simulation parameters:
Using 100 nodes.
Using 10 snapshot period.
Using 100 as maximum number of snapshots.
Using 1000 as maximum number of snapshots.
Using 1000 as height.
Using 0 as GUI option.
Using 2 infected nodes initially.
Using 100 as infection period.
Using 200 as contagion period.
Using 300 as immune period.
Using 60 as travel distance.
Using 1 as printout option.
Using 0 as stop_all_sane condition.
-----
98 2 0
98 2 0
98 2 0
98 2 0
98 2 0
98 2 0
98 2 0
97 3 0
96 4 0
96 4 0
94 6 0
93 7 0
92 8 0
92 8 0
91 9 0
91 9 0
91 9 0
91 9 0
91 9 0
88 12 0
88 11 1
87 12 1
87 11 2
87 11 2
85 13 2
83 13 4
83 13 4
83 11 6
83 11 6
83 10 7
83 9 8
83 9 8
82 10 8
81 9 10
79 11 10
79 11 10
78 12 10
78 11 11
78 10 12
78 8 14
78 7 15
78 7 15
78 7 15
78 7 15
78 6 16
76 8 16
75 9 16
75 8 17
76 7 17
78 7 15
78 7 15
77 7 16
76 8 16
78 7 15
79 7 14
79 8 13
79 7 14
80 7 13
80 6 14
80 6 14
81 6 13
81 6 13
81 7 12
81 7 12
82 6 12
83 5 12
83 5 12
83 4 13
84 4 12
84 3 13
85 3 12
84 3 13
85 3 12
86 3 11
86 3 11
86 2 12
86 2 12
86 2 12
86 2 12
87 2 11
87 2 11
87 1 12
88 1 11
88 1 11
89 1 10
88 2 10
89 2 9
89 2 9
88 3 9
90 3 7
91 3 6
91 3 6
92 2 6
93 2 5
93 2 5
93 2 5
93 2 5
93 2 5
93 2 5
93 2 5
-----
Simulation parameters:
Using 100 nodes.
Using 10 snapshot period.
Using 100 as maximum number of snapshots.
Using 1000 as maximum number of snapshots.
Using 1000 as height.
Using 0 as GUI option.
Using 2 infected nodes initially.
Using 100 as infection period.
Using 200 as contagion period.
Using 300 as immune period.
Using 110 as travel distance.
Using 1 as printout option.
Using 0 as stop_all_sane condition.
-----
98 2 0
98 2 0
98 2 0
98 2 0
98 2 0
98 2 0
98 2 0
98 2 0
96 4 0
94 6 0
94 6 0
94 6 0
94 6 0
94 6 0
93 7 0
92 8 0
91 9 0
90 10 0
90 10 0
89 11 0
88 12 0
88 11 1
86 12 2
86 11 3
85 11 4
84 10 6
84 10 6
83 11 6
82 12 6
82 11 7
80 13 7
80 12 8
80 10 10
80 10 10
80 10 10
78 12 10
77 11 12
76 11 13
76 11 13
76 11 13
76 11 13
75 12 13
75 11 14
76 11 13
75 10 15
75 10 15
75 10 15
75 10 15
72 13 15
71 12 17
69 14 17
67 15 18
68 15 17
67 15 18
67 15 18
67 16 17
67 15 18
67 16 17
64 19 17
63 21 16
62 22 16
63 21 16
62 20 18
60 22 18
60 22 18
60 21 19
59 20 21
62 19 19
62 18 20
62 19 19
62 17 21
61 17 22
60 15 25
60 15 25
61 14 25
60 13 27
60 12 28
59 12 29
60 12 28
61 12 27
63 12 25
64 12 24
62 13 25
62 11 27
61 11 28
60 12 28
62 11 27
62 10 28
63 10 27
63 9 28
63 9 28
63 8 29
63 8 29
63 10 27
63 11 26
61 13 26
60 17 23
63 15 22
64 17 19
63 17 20
-----
Simulation parameters:
Using 100 nodes.
Using 10 snapshot period.
Using 100 as maximum number of snapshots.
Using 1000 as maximum number of snapshots.
Using 1000 as height.
Using 0 as GUI option.
Using 2 infected nodes initially.
Using 100 as infection period.
Using 200 as contagion period.
Using 300 as immune period.
Using 160 as travel distance.
Using 1 as printout option.
Using 0 as stop_all_sane condition.
-----
98 2 0
98 2 0
98 2 0
98 2 0
98 2 0
98 2 0
98 2 0
98 2 0
98 2 0
97 3 0
95 5 0
94 6 0
93 7 0
93 7 0
92 8 0
91 9 0
91 9 0
91 9 0
91 9 0
90 10 0
90 9 1
90 9 1
86 13 1
85 13 2
85 13 2
84 12 4
83 13 4
81 15 4
81 13 6
79 15 6
79 15 6
78 16 6
77 16 7
77 16 7
77 14 9
77 12 11
76 13 11
76 13 11
74 15 11
74 14 12
74 13 13
74 12 14
74 11 15
73 11 16
71 11 18
73 9 18
73 8 19
73 9 18
73 9 18
73 9 18
72 10 18
72 9 19
74 9 17
73 9 18
73 10 17
73 10 17
71 11 18
70 11 19
69 11 20
67 11 22
67 11 22
69 10 21
69 10 21
68 11 21
67 13 20
66 14 20
65 15 20
65 16 19
69 15 16
71 15 14
72 15 13
72 14 14
71 13 16
73 12 15
72 12 16
71 14 15
72 13 15
71 13 16
70 13 17
69 14 17
70 14 16
70 13 17
70 10 20
70 9 21
67 12 21
69 12 19
70 12 18
68 14 18
67 14 19
68 13 19
68 13 19
68 14 18
68 15 17
68 15 17
68 15 17
68 12 20
65 15 20
64 14 22
64 15 21
65 14 21
-----
Simulation parameters:
Using 100 nodes.
Using 10 snapshot period.
Using 100 as maximum number of snapshots.
Using 1000 as maximum number of snapshots.
Using 1000 as height.
Using 0 as GUI option.
Using 2 infected nodes initially.
Using 100 as infection period.
Using 200 as contagion period.
Using 300 as immune period.
Using 210 as travel distance.
Using 1 as printout option.
Using 0 as stop_all_sane condition.
-----
98 2 0
98 2 0
98 2 0
98 2 0
98 2 0
98 2 0
98 2 0
97 3 0
96 4 0
96 4 0
95 5 0
95 5 0
94 6 0
93 6 1
93 6 1
92 7 1
90 9 1
90 9 1
90 9 1
89 10 1
88 10 2
88 9 3
88 9 3
87 10 3
85 12 3
83 14 3
82 15 3
81 16 3
81 15 4
81 13 6
81 13 6
80 14 6
80 12 8
79 12 9
78 12 10
77 13 10
76 14 10
76 13 11
76 13 11
76 11 13
75 9 16
76 9 15
76 7 17
74 9 17
72 11 17
73 10 17
73 10 17
73 10 17
73 9 18
73 8 19
73 8 19
71 10 19
70 11 19
70 10 20
70 10 20
70 11 19
70 11 19
69 11 20
70 10 20
70 10 20
71 12 17
70 13 17
71 12 17
70 13 17
70 13 17
70 11 19
70 10 20
70 11 19
70 12 18
70 13 17
69 14 17
68 16 16
69 15 16
69 16 15
67 18 15
66 18 16
61 23 16
63 23 14
63 23 14
61 25 14
58 27 15
56 29 15
57 27 16
57 27 16
55 28 17
52 31 17
51 31 18
49 32 19
49 30 21
49 31 20
48 30 22
46 29 25
47 27 26
45 28 27
46 27 27
46 27 27
45 28 27
45 26 29
39 32 29
38 28 34
-----
Simulation parameters:
Using 100 nodes.
Using 10 snapshot period.
Using 100 as maximum number of snapshots.
Using 1000 as maximum number of snapshots.
Using 1000 as height.
Using 0 as GUI option.
Using 2 infected nodes initially.
Using 100 as infection period.
Using 200 as contagion period.
Using 300 as immune period.
Using 260 as travel distance.
Using 1 as printout option.
Using 0 as stop_all_sane condition.
-----
98 2 0
98 2 0
98 2 0
98 2 0
98 2 0
98 2 0
98 2 0
98 2 0
97 3 0
96 4 0
95 5 0
92 8 0
91 9 0
90 10 0
87 13 0
87 13 0
84 16 0
78 21 1
76 23 1
76 23 1
72 26 2
70 28 2
69 28 3
67 30 3
65 32 3
64 32 4
61 35 4
59 37 4
58 37 5
58 36 6
56 38 6
52 40 8
48 38 14
47 38 15
44 40 16
41 41 18
39 42 19
38 43 19
38 40 22
38 37 25
37 36 27
34 35 31
33 34 33
33 31 36
31 30 39
28 30 42
27 30 43
28 27 45
27 26 47
27 25 48
27 25 48
26 25 49
27 25 48
27 25 48
25 25 50
26 24 50
27 22 51
27 23 50
27 20 53
28 18 54
27 16 57
27 17 56
26 18 56
26 20 54
30 19 51
34 17 49
38 14 48
39 14 47
40 13 47
42 12 46
43 12 45
41 15 44
44 19 37
43 19 38
47 19 34
47 20 33
48 21 31
46 24 30
47 23 30
50 22 28
51 24 25
51 25 24
53 25 22
52 25 23
52 26 22
51 26 23
52 25 23
51 24 25
50 23 27
51 23 26
51 22 27
51 21 28
52 20 28
51 20 29
53 20 27
52 17 31
51 17 32
49 18 33
50 17 33
49 17 34
-----
Simulation parameters:
Using 100 nodes.
Using 10 snapshot period.
Using 100 as maximum number of snapshots.
Using 1000 as maximum number of snapshots.
Using 1000 as height.
Using 0 as GUI option.
Using 2 infected nodes initially.
Using 100 as infection period.
Using 200 as contagion period.
Using 300 as immune period.
Using 310 as travel distance.
Using 1 as printout option.
Using 0 as stop_all_sane condition.
-----
98 2 0
98 2 0
98 2 0
98 2 0
98 2 0
98 2 0
98 2 0
98 2 0
97 3 0
96 4 0
95 5 0
94 6 0
93 7 0
93 7 0
92 8 0
92 7 1
90 9 1
89 9 2
86 12 2
85 13 2
83 15 2
82 16 2
81 17 2
77 21 2
73 24 3
71 26 3
69 27 4
66 30 4
66 29 5
65 30 5
63 31 6
60 34 6
58 35 7
58 34 8
58 33 9
58 33 9
54 37 9
51 34 15
50 34 16
50 29 21
51 28 21
51 26 23
52 23 25
49 25 26
46 28 26
45 29 26
44 28 28
42 29 29
42 27 31
43 26 31
42 22 36
41 22 37
40 21 39
40 21 39
39 21 40
38 22 40
34 25 41
32 25 43
32 25 43
33 25 42
32 25 43
32 26 42
34 26 40
33 23 44
34 21 45
35 20 45
35 19 46
37 18 45
36 19 45
36 20 44
39 20 41
44 21 35
45 20 35
47 19 34
48 17 35
47 14 39
48 14 38
50 14 36
51 14 35
51 14 35
54 13 33
55 13 32
55 15 30
55 15 30
55 16 29
56 17 27
57 14 29
57 16 27
57 17 26
56 19 25
52 23 25
51 24 25
52 23 25
51 24 25
51 24 25
50 23 27
45 28 27
43 30 27
44 30 26
47 32 21
-----
Simulation parameters:
Using 100 nodes.
Using 10 snapshot period.
Using 100 as maximum number of snapshots.
Using 1000 as maximum number of snapshots.
Using 1000 as height.
Using 0 as GUI option.
Using 2 infected nodes initially.
Using 100 as infection period.
Using 200 as contagion period.
Using 300 as immune period.
Using 360 as travel distance.
Using 1 as printout option.
Using 0 as stop_all_sane condition.
-----
98 2 0
98 2 0
98 2 0
98 2 0
98 2 0
98 2 0
98 2 0
98 2 0
97 3 0
95 5 0
93 7 0
91 9 0
88 12 0
87 13 0
86 13 1
84 15 1
83 16 1
83 16 1
83 16 1
81 18 1
77 21 2
76 22 2
73 25 2
70 28 2
67 31 2
66 30 4
65 29 6
64 29 7
63 28 9
62 28 10
61 28 11
56 33 11
54 34 12
51 33 16
49 34 17
46 37 17
45 37 18
45 37 18
44 36 20
41 36 23
39 34 27
38 35 27
36 37 27
35 35 30
33 36 31
33 36 31
34 35 31
33 35 32
33 34 33
34 33 33
33 31 36
30 31 39
29 29 42
27 26 47
29 24 47
29 22 49
29 22 49
28 24 48
28 23 49
25 26 49
25 25 50
26 26 48
27 22 51
29 22 49
31 23 46
31 19 50
34 18 48
34 17 49
35 16 49
35 18 47
32 21 47
32 24 44
32 23 45
33 23 44
31 26 43
29 26 45
28 25 47
30 26 44
32 25 43
29 27 44
30 26 44
30 26 44
32 28 40
30 28 42
33 26 41
33 26 41
34 28 38
36 27 37
38 24 38
39 23 38
41 22 37
40 23 37
40 19 41
40 21 39
39 22 39
38 24 38
38 25 37
38 26 36
38 28 34
37 28 35
-----
Simulation parameters:
Using 100 nodes.
Using 10 snapshot period.
Using 100 as maximum number of snapshots.
Using 1000 as maximum number of snapshots.
Using 1000 as height.
Using 0 as GUI option.
Using 2 infected nodes initially.
Using 100 as infection period.
Using 200 as contagion period.
Using 300 as immune period.
Using 410 as travel distance.
Using 1 as printout option.
Using 0 as stop_all_sane condition.
-----
98 2 0
98 2 0
98 2 0
98 2 0
98 2 0
98 2 0
98 2 0
98 2 0
96 4 0
94 6 0
93 7 0
93 7 0
90 10 0
89 11 0
87 13 0
87 13 0
83 17 0
81 18 1
79 20 1
77 22 1
77 22 1
76 23 1
76 23 1
72 26 2
68 30 2
68 30 2
67 31 2
67 29 4
64 32 4
63 30 7
61 29 10
60 29 11
60 28 12
58 28 14
56 29 15
54 29 17
49 31 20
47 30 23
46 30 24
43 32 25
40 34 26
36 38 26
34 36 30
32 38 30
32 35 33
28 37 35
28 36 36
27 37 36
25 38 37
24 39 37
22 38 40
23 38 39
25 39 36
25 39 36
24 36 40
24 38 38
25 34 41
22 36 42
21 34 45
23 32 45
22 31 47
23 30 47
22 28 50
21 25 54
24 25 51
28 22 50
29 22 49
29 20 51
29 18 53
31 18 51
31 16 53
31 17 52
32 16 52
32 15 53
31 17 52
31 18 51
30 18 52
31 17 52
28 20 52
31 20 49
31 21 48
35 20 45
36 21 43
38 22 40
39 23 38
41 21 38
43 21 36
44 22 34
44 21 35
43 21 36
41 25 34
44 23 33
45 22 33
43 22 35
42 22 36
43 21 36
40 24 36
42 25 33
45 23 32
45 24 31
-----
Simulation parameters:
Using 100 nodes.
Using 10 snapshot period.
Using 100 as maximum number of snapshots.
Using 1000 as maximum number of snapshots.
Using 1000 as height.
Using 0 as GUI option.
Using 2 infected nodes initially.
Using 100 as infection period.
Using 200 as contagion period.
Using 300 as immune period.
Using 460 as travel distance.
Using 1 as printout option.
Using 0 as stop_all_sane condition.
-----
98 2 0
98 2 0
98 2 0
98 2 0
98 2 0
98 2 0
98 2 0
96 4 0
96 4 0
93 7 0
92 8 0
91 9 0
89 11 0
88 12 0
85 15 0
84 16 0
81 19 0
78 21 1
76 23 1
74 25 1
73 26 1
68 31 1
64 33 3
62 35 3
61 35 4
57 37 6
56 36 8
53 39 8
52 39 9
52 37 11
49 39 12
43 44 13
39 46 15
38 47 15
36 46 18
32 47 21
29 49 22
28 47 25
24 50 26
22 50 28
21 46 33
20 43 37
21 39 40
22 37 41
21 35 44
21 33 46
20 31 49
19 29 52
18 29 53
18 29 53
18 26 56
19 24 57
20 19 61
22 19 59
22 20 58
21 19 60
23 17 60
24 18 58
24 17 59
25 16 59
25 12 63
26 12 62
26 9 65
27 9 64
27 10 63
29 10 61
32 10 58
34 10 56
35 11 54
38 10 52
45 9 46
46 10 44
48 12 40
47 14 39
49 14 37
48 14 38
49 16 35
52 17 31
52 15 33
52 17 31
53 16 31
57 15 28
58 16 26
60 19 21
61 19 20
59 22 19
61 22 17
60 23 17
61 24 15
62 23 15
59 26 15
59 26 15
56 28 16
53 29 18
51 29 20
51 31 18
51 31 18
47 33 20
45 33 22
43 35 22
