-----
Simulation parameters:
Using 100 nodes.
Using 10 snapshot period.
Using 100 as maximum number of snapshots.
Using 1000 as maximum number of snapshots.
Using 1000 as height.
Using 0 as GUI option.
Using 2 infected nodes initially.
Using 10 as infection period.
Using 200 as contagion period.
Using 300 as immune period.
Using 200 as travel distance.
Using 1 as printout option.
Using 0 as stop_all_sane condition.
-----
99 1 0
95 5 0
88 12 0
81 19 0
72 28 0
65 35 0
51 49 0
42 58 0
31 69 0
26 74 0
22 78 0
17 83 0
15 85 0
11 89 0
9 90 1
7 92 1
7 91 2
5 92 3
5 87 8
5 85 10
4 78 18
4 74 22
4 66 30
3 61 36
2 58 40
2 50 48
2 39 59
2 33 65
2 26 72
2 23 75
2 18 80
2 14 84
2 10 88
2 7 91
2 7 91
1 6 93
1 6 93
1 4 95
2 3 95
3 3 94
4 3 93
5 3 92
6 3 91
11 2 87
14 2 84
16 2 82
22 2 76
25 2 73
30 2 68
35 2 63
39 2 59
46 1 53
50 1 49
54 1 45
62 1 37
65 1 34
73 1 26
75 1 24
83 0 17
85 0 15
87 0 13
88 0 12
89 0 11
91 0 9
92 0 8
93 0 7
94 0 6
94 0 6
95 0 5
96 0 4
97 0 3
97 0 3
97 0 3
97 0 3
97 0 3
98 0 2
98 0 2
98 0 2
98 0 2
98 0 2
98 0 2
98 0 2
98 0 2
99 0 1
100 0 0
100 0 0
100 0 0
100 0 0
100 0 0
100 0 0
100 0 0
100 0 0
100 0 0
100 0 0
100 0 0
100 0 0
100 0 0
100 0 0
100 0 0
100 0 0
-----
Simulation parameters:
Using 100 nodes.
Using 10 snapshot period.
Using 100 as maximum number of snapshots.
Using 1000 as maximum number of snapshots.
Using 1000 as height.
Using 0 as GUI option.
Using 2 infected nodes initially.
Using 20 as infection period.
Using 200 as contagion period.
Using 300 as immune period.
Using 200 as travel distance.
Using 1 as printout option.
Using 0 as stop_all_sane condition.
-----
98 2 0
98 2 0
91 9 0
87 13 0
80 20 0
67 33 0
59 41 0
53 47 0
42 58 0
37 63 0
31 69 0
29 71 0
24 76 0
23 77 0
19 80 1
15 83 2
12 84 4
9 84 7
6 84 10
4 85 11
3 83 14
1 78 21
1 71 28
0 67 33
0 61 39
0 58 42
0 51 49
0 45 55
0 36 64
0 26 74
0 25 75
0 22 78
0 18 82
0 12 88
0 10 90
0 9 91
0 9 91
2 7 91
3 6 91
3 5 92
5 5 90
5 4 91
6 2 92
8 1 91
9 0 91
14 0 86
19 0 81
26 0 74
30 0 70
31 0 69
37 0 63
41 0 59
44 0 56
46 0 54
53 0 47
57 0 43
61 0 39
66 0 34
67 0 33
71 0 29
75 0 25
83 0 17
87 0 13
91 0 9
94 0 6
95 0 5
96 0 4
97 0 3
98 0 2
98 0 2
98 0 2
98 0 2
98 0 2
98 0 2
99 0 1
99 0 1
99 0 1
100 0 0
100 0 0
100 0 0
100 0 0
100 0 0
100 0 0
100 0 0
100 0 0
100 0 0
100 0 0
100 0 0
100 0 0
100 0 0
100 0 0
100 0 0
100 0 0
100 0 0
100 0 0
100 0 0
100 0 0
100 0 0
100 0 0
100 0 0
-----
Simulation parameters:
Using 100 nodes.
Using 10 snapshot period.
Using 100 as maximum number of snapshots.
Using 1000 as maximum number of snapshots.
Using 1000 as height.
Using 0 as GUI option.
Using 2 infected nodes initially.
Using 30 as infection period.
Using 200 as contagion period.
Using 300 as immune period.
Using 200 as travel distance.
Using 1 as printout option.
Using 0 as stop_all_sane condition.
-----
98 2 0
98 2 0
98 2 0
91 9 0
84 16 0
84 16 0
78 22 0
76 24 0
75 25 0
74 26 0
70 30 0
70 30 0
66 34 0
65 35 0
62 37 1
61 38 1
59 40 1
56 42 2
51 47 2
50 45 5
44 49 7
44 49 7
42 50 8
37 51 12
36 47 17
34 47 19
31 48 21
30 44 26
29 44 27
27 45 28
25 41 34
23 41 36
22 42 36
21 40 39
21 38 41
19 38 43
18 38 44
18 31 51
16 30 54
16 31 53
16 30 54
17 26 57
15 26 59
15 22 63
16 21 63
15 22 63
17 21 62
16 21 63
15 22 63
19 24 57
21 23 56
21 20 59
22 20 58
26 19 55
29 19 52
31 15 54
33 16 51
33 15 52
34 13 53
35 13 52
38 12 50
39 12 49
42 9 49
47 9 44
50 9 41
52 8 40
53 7 40
54 6 40
55 5 40
59 5 36
61 4 35
58 8 34
58 9 33
57 12 31
56 15 29
54 18 28
55 19 26
56 20 24
50 26 24
47 29 24
46 32 22
43 35 22
40 39 21
37 44 19
35 46 19
33 49 18
32 50 18
29 53 18
29 53 18
27 53 20
28 53 19
28 53 19
26 53 21
25 52 23
21 51 28
17 54 29
17 53 30
15 50 35
14 48 38
13 47 40
-----
Simulation parameters:
Using 100 nodes.
Using 10 snapshot period.
Using 100 as maximum number of snapshots.
Using 1000 as maximum number of snapshots.
Using 1000 as height.
Using 0 as GUI option.
Using 2 infected nodes initially.
Using 40 as infection period.
Using 200 as contagion period.
Using 300 as immune period.
Using 200 as travel distance.
Using 1 as printout option.
Using 0 as stop_all_sane condition.
-----
98 2 0
98 2 0
98 2 0
96 4 0
94 6 0
91 9 0
88 12 0
85 15 0
84 16 0
84 16 0
83 17 0
81 19 0
80 20 0
79 21 0
79 21 0
76 24 0
75 24 1
73 26 1
67 31 2
65 32 3
65 31 4
61 32 7
58 34 8
56 36 8
55 35 10
53 36 11
53 34 13
52 32 16
50 32 18
48 30 22
46 31 23
45 31 24
42 33 25
40 35 25
38 36 26
37 36 27
32 38 30
28 38 34
27 37 36
26 36 38
25 35 40
25 35 40
25 31 44
25 31 44
26 31 43
25 31 44
24 30 46
25 27 48
25 25 50
26 21 53
26 20 54
28 19 53
28 20 52
31 19 50
34 19 47
34 17 49
35 13 52
36 14 50
38 13 49
39 12 49
40 13 47
41 12 47
41 12 47
42 12 46
44 11 45
44 11 45
43 13 44
43 13 44
45 13 42
48 13 39
49 12 39
52 11 37
57 10 33
60 10 30
62 10 28
65 10 25
65 11 24
67 10 23
71 9 20
70 9 21
70 10 20
69 10 21
72 10 18
73 10 17
73 8 19
74 7 19
74 7 19
74 7 19
74 7 19
74 6 20
74 6 20
76 5 19
77 5 18
77 5 18
78 5 17
78 4 18
79 4 17
79 4 17
81 4 15
82 4 14
-----
Simulation parameters:
Using 100 nodes.
Using 10 snapshot period.
Using 100 as maximum number of snapshots.
Using 1000 as maximum number of snapshots.
Using 1000 as height.
Using 0 as GUI option.
Using 2 infected nodes initially.
Using 50 as infection period.
Using 200 as contagion period.
Using 300 as immune period.
Using 200 as travel distance.
Using 1 as printout option.
Using 0 as stop_all_sane condition.
-----
98 2 0
98 2 0
98 2 0
98 2 0
97 3 0
96 4 0
95 5 0
95 5 0
92 8 0
92 8 0
92 8 0
90 10 0
88 12 0
88 12 0
86 13 1
85 14 1
83 15 2
80 17 3
80 17 3
80 17 3
77 20 3
73 24 3
68 29 3
67 29 4
65 31 4
63 32 5
61 33 6
58 34 8
54 38 8
53 39 8
50 39 11
47 41 12
47 38 15
43 39 18
43 38 19
40 40 20
39 41 20
39 38 23
39 35 26
35 37 28
35 37 28
34 36 30
30 36 34
28 37 35
27 37 36
25 34 41
24 33 43
23 32 45
22 31 47
20 33 47
19 33 48
18 34 48
18 33 49
17 31 52
16 31 53
14 31 55
14 30 56
18 30 52
20 27 53
20 25 55
24 22 54
27 21 52
28 20 52
29 20 51
33 18 49
31 18 51
29 20 51
30 19 51
33 17 50
33 16 51
34 13 53
35 14 51
36 15 49
36 15 49
34 17 49
36 17 47
37 18 45
38 19 43
35 23 42
34 26 40
34 29 37
33 30 37
33 32 35
32 33 35
32 35 33
29 38 33
27 39 34
31 37 32
30 37 33
29 38 33
29 35 36
31 34 35
33 34 33
32 35 33
32 32 36
30 34 36
30 34 36
29 32 39
29 32 39
28 33 39
-----
Simulation parameters:
Using 100 nodes.
Using 10 snapshot period.
Using 100 as maximum number of snapshots.
Using 1000 as maximum number of snapshots.
Using 1000 as height.
Using 0 as GUI option.
Using 2 infected nodes initially.
Using 60 as infection period.
Using 200 as contagion period.
Using 300 as immune period.
Using 200 as travel distance.
Using 1 as printout option.
Using 0 as stop_all_sane condition.
-----
98 2 0
98 2 0
98 2 0
98 2 0
96 4 0
96 4 0
94 6 0
94 6 0
92 8 0
92 8 0
92 8 0
92 8 0
92 8 0
91 9 0
90 10 0
88 12 0
88 12 0
86 14 0
85 14 1
84 14 2
81 15 4
80 16 4
79 17 4
76 19 5
76 19 5
75 19 6
75 18 7
73 20 7
73 20 7
73 19 8
73 18 9
73 18 9
72 19 9
71 18 11
69 19 12
69 17 14
68 18 14
65 18 17
64 17 19
63 17 20
61 16 23
61 16 23
60 15 25
60 15 25
59 17 24
57 19 24
56 19 25
55 20 25
56 19 25
55 19 26
54 20 26
54 21 25
55 20 25
56 19 25
56 19 25
57 17 26
56 15 29
56 14 30
55 14 31
56 13 31
58 13 29
60 12 28
62 12 26
63 12 25
64 10 26
65 11 24
66 11 23
66 10 24
65 10 25
65 10 25
66 10 24
66 9 25
68 8 24
68 7 25
68 8 24
68 9 23
69 9 22
69 10 21
70 10 20
71 9 20
70 10 20
69 12 19
67 13 20
67 13 20
63 17 20
64 18 18
63 20 17
60 22 18
61 23 16
60 24 16
61 23 16
61 24 15
61 24 15
61 24 15
60 25 15
61 22 17
59 22 19
61 22 17
62 22 16
61 23 16
-----
Simulation parameters:
Using 100 nodes.
Using 10 snapshot period.
Using 100 as maximum number of snapshots.
Using 1000 as maximum number of snapshots.
Using 1000 as height.
Using 0 as GUI option.
Using 2 infected nodes initially.
Using 70 as infection period.
Using 200 as contagion period.
Using 300 as immune period.
Using 200 as travel distance.
Using 1 as printout option.
Using 0 as stop_all_sane condition.
-----
98 2 0
98 2 0
98 2 0
98 2 0
98 2 0
98 2 0
97 3 0
97 3 0
97 3 0
96 4 0
96 4 0
96 4 0
96 4 0
96 4 0
96 3 1
95 3 2
95 3 2
95 3 2
95 3 2
95 3 2
94 4 2
93 5 2
92 6 2
92 6 2
92 6 2
91 7 2
89 9 2
88 10 2
88 10 2
88 9 3
87 10 3
85 10 5
85 10 5
84 11 5
83 12 5
81 14 5
81 14 5
81 14 5
78 17 5
77 17 6
78 17 5
77 17 6
75 17 8
75 17 8
73 18 9
69 22 9
70 21 9
69 21 10
68 22 10
67 23 10
67 23 10
66 23 11
66 21 13
66 20 14
65 20 15
65 18 17
65 17 18
64 17 19
65 16 19
65 16 19
64 17 19
63 18 19
63 14 23
63 13 24
64 14 22
63 14 23
62 12 26
61 12 27
60 14 26
59 14 27
59 14 27
59 14 27
58 15 27
56 14 30
53 18 29
54 18 28
56 18 26
56 17 27
55 17 28
54 18 28
54 20 26
55 20 25
56 20 24
56 21 23
56 21 23
56 23 21
56 23 21
56 22 22
53 24 23
55 20 25
55 21 24
57 21 22
57 21 22
57 22 21
52 26 22
52 24 24
53 21 26
49 26 25
49 25 26
50 25 25
-----
Simulation parameters:
Using 100 nodes.
Using 10 snapshot period.
Using 100 as maximum number of snapshots.
Using 1000 as maximum number of snapshots.
Using 1000 as height.
Using 0 as GUI option.
Using 2 infected nodes initially.
Using 80 as infection period.
Using 200 as contagion period.
Using 300 as immune period.
Using 200 as travel distance.
Using 1 as printout option.
Using 0 as stop_all_sane condition.
-----
98 2 0
98 2 0
98 2 0
98 2 0
98 2 0
97 3 0
97 3 0
96 4 0
96 4 0
96 4 0
95 5 0
94 6 0
94 6 0
93 7 0
91 8 1
89 10 1
87 12 1
87 11 2
87 11 2
87 10 3
83 13 4
81 15 4
79 17 4
77 19 4
75 21 4
73 23 4
73 23 4
73 23 4
73 21 6
71 22 7
70 23 7
68 24 8
66 24 10
63 27 10
61 28 11
60 28 12
60 28 12
59 27 14
57 28 15
53 31 16
51 32 17
51 30 19
49 30 21
48 29 23
45 29 26
43 29 28
43 28 29
44 24 32
41 26 33
40 27 33
39 27 34
39 27 34
39 27 34
39 26 35
40 26 34
40 25 35
40 25 35
40 24 36
41 22 37
42 19 39
42 19 39
40 18 42
41 16 43
41 16 43
44 13 43
45 10 45
44 8 48
46 8 46
46 6 48
47 6 47
49 6 45
54 6 40
56 6 38
56 6 38
58 5 37
60 5 35
61 3 36
64 2 34
64 2 34
64 2 34
66 2 32
67 2 31
69 2 29
71 1 28
71 2 27
73 1 26
74 1 25
74 1 25
76 1 23
77 1 22
77 1 22
80 1 19
81 1 18
81 1 18
82 2 16
84 2 14
87 3 10
87 2 11
90 2 8
90 2 8
-----
Simulation parameters:
Using 100 nodes.
Using 10 snapshot period.
Using 100 as maximum number of snapshots.
Using 1000 as maximum number of snapshots.
Using 1000 as height.
Using 0 as GUI option.
Using 2 infected nodes initially.
Using 90 as infection period.
Using 200 as contagion period.
Using 300 as immune period.
Using 200 as travel distance.
Using 1 as printout option.
Using 0 as stop_all_sane condition.
-----
98 2 0
98 2 0
98 2 0
98 2 0
98 2 0
98 2 0
98 2 0
97 3 0
96 4 0
94 6 0
91 9 0
89 11 0
89 11 0
88 12 0
86 14 0
85 15 0
84 16 0
84 16 0
84 16 0
82 18 0
78 22 0
78 22 0
77 22 1
77 22 1
76 21 3
76 20 4
74 21 5
73 21 6
72 22 6
70 23 7
67 25 8
65 23 12
63 23 14
61 24 15
60 25 15
59 26 15
57 28 15
54 30 16
54 29 17
54 28 18
52 28 20
51 28 21
50 28 22
47 29 24
45 29 26
44 29 27
44 28 28
39 32 29
38 30 32
37 32 31
38 31 31
36 31 33
33 30 37
33 28 39
30 32 38
34 32 34
32 33 35
31 32 37
30 33 37
31 33 36
32 32 36
29 32 39
32 32 36
31 31 38
31 27 42
30 26 44
29 24 47
30 23 47
30 24 46
32 22 46
33 20 47
34 22 44
35 22 43
36 21 43
37 17 46
38 17 45
40 15 45
41 15 44
42 14 44
43 13 44
46 12 42
46 12 42
46 10 44
48 10 42
49 9 42
50 9 41
54 8 38
54 9 37
56 9 35
55 10 35
57 10 33
57 10 33
58 9 33
58 8 34
59 9 32
60 10 30
61 10 29
63 10 27
63 10 27
66 9 25
-----
Simulation parameters:
Using 100 nodes.
Using 10 snapshot period.
Using 100 as maximum number of snapshots.
Using 1000 as maximum number of snapshots.
Using 1000 as height.
Using 0 as GUI option.
Using 2 infected nodes initially.
Using 100 as infection period.
Using 200 as contagion period.
Using 300 as immune period.
Using 200 as travel distance.
Using 1 as printout option.
Using 0 as stop_all_sane condition.
-----
98 2 0
98 2 0
98 2 0
98 2 0
98 2 0
98 2 0
98 2 0
98 2 0
96 4 0
95 5 0
95 5 0
93 7 0
93 7 0
93 6 1
93 5 2
91 7 2
91 7 2
91 7 2
89 9 2
85 13 2
84 14 2
83 15 2
82 15 3
79 18 3
78 18 4
77 19 4
76 19 5
73 22 5
73 21 6
71 23 6
68 26 6
67 26 7
65 27 8
64 28 8
62 29 9
60 31 9
59 31 10
56 32 12
53 34 13
53 31 16
53 30 17
52 28 20
52 28 20
52 24 24
51 23 26
51 23 26
49 24 27
49 25 26
48 25 27
49 25 26
46 27 27
45 26 29
46 22 32
46 20 34
45 20 35
44 19 37
41 19 40
42 19 39
45 17 38
47 16 37
46 16 38
47 17 36
48 17 35
48 18 34
48 19 33
46 19 35
47 20 33
46 20 34
46 18 36
46 19 35
45 22 33
44 22 34
47 21 32
47 19 34
47 18 35
49 17 34
50 16 34
53 15 32
53 15 32
53 16 31
54 16 30
54 14 32
54 14 32
54 13 33
56 13 31
58 12 30
60 12 28
60 11 29
60 12 28
62 13 25
64 12 24
63 13 24
64 14 22
61 17 22
61 15 24
63 16 21
63 17 20
61 18 21
60 19 21
59 18 23
-----
Simulation parameters:
Using 100 nodes.
Using 10 snapshot period.
Using 100 as maximum number of snapshots.
Using 1000 as maximum number of snapshots.
Using 1000 as height.
Using 0 as GUI option.
Using 2 infected nodes initially.
Using 110 as infection period.
Using 200 as contagion period.
Using 300 as immune period.
Using 200 as travel distance.
Using 1 as printout option.
Using 0 as stop_all_sane condition.
-----
98 2 0
98 2 0
98 2 0
98 2 0
98 2 0
98 2 0
98 2 0
98 2 0
98 2 0
98 2 0
98 2 0
96 4 0
95 5 0
94 6 0
94 6 0
94 6 0
94 6 0
94 5 1
93 6 1
92 7 1
92 7 1
92 7 1
89 10 1
88 10 2
88 10 2
88 10 2
88 10 2
87 10 3
87 10 3
87 10 3
86 11 3
86 11 3
86 11 3
84 11 5
83 12 5
82 12 6
80 13 7
79 13 8
79 12 9
78 13 9
76 15 9
76 15 9
74 16 10
75 15 10
73 17 10
73 16 11
71 19 10
70 20 10
68 20 12
68 19 13
68 20 12
67 20 13
67 20 13
65 21 14
65 19 16
65 19 16
64 18 18
64 15 21
62 17 21
62 16 22
61 15 24
61 14 25
62 13 25
62 12 26
62 11 27
62 11 27
64 9 27
65 10 25
66 10 24
65 10 25
65 10 25
66 9 25
67 7 26
66 7 27
66 7 27
65 9 26
65 11 24
64 12 24
65 12 23
66 12 22
65 13 22
66 13 21
68 10 22
69 10 21
69 10 21
68 12 20
68 12 20
70 12 18
69 12 19
70 12 18
70 12 18
71 11 18
75 11 14
76 11 13
76 11 13
76 10 14
77 10 13
77 10 13
78 9 13
78 7 15
-----
Simulation parameters:
Using 100 nodes.
Using 10 snapshot period.
Using 100 as maximum number of snapshots.
Using 1000 as maximum number of snapshots.
Using 1000 as height.
Using 0 as GUI option.
Using 2 infected nodes initially.
Using 120 as infection period.
Using 200 as contagion period.
Using 300 as immune period.
Using 200 as travel distance.
Using 1 as printout option.
Using 0 as stop_all_sane condition.
-----
98 2 0
98 2 0
98 2 0
98 2 0
98 2 0
98 2 0
98 2 0
98 2 0
97 3 0
97 3 0
95 5 0
93 7 0
92 8 0
90 10 0
90 10 0
89 11 0
89 11 0
89 11 0
89 11 0
88 12 0
88 10 2
86 12 2
86 12 2
84 14 2
84 14 2
83 14 3
83 13 4
83 13 4
82 13 5
82 10 8
79 13 8
78 13 9
78 13 9
77 14 9
77 13 10
77 12 11
76 13 11
75 14 11
73 13 14
71 15 14
72 14 14
71 14 15
69 16 15
69 16 15
69 14 17
68 14 18
68 14 18
68 14 18
69 14 17
68 14 18
65 16 19
63 18 19
64 16 20
65 13 22
65 13 22
67 13 20
67 14 19
67 14 19
67 13 20
65 17 18
66 18 16
64 18 18
66 17 17
68 17 15
66 18 16
67 17 16
65 19 16
65 18 17
65 17 18
63 19 18
63 18 19
61 19 20
60 19 21
60 19 21
59 19 22
57 22 21
56 23 21
57 23 20
55 26 19
55 26 19
52 26 22
51 26 23
51 26 23
53 23 24
53 24 23
54 23 23
55 22 23
55 22 23
53 21 26
54 21 25
52 20 28
52 19 29
52 18 30
49 21 30
50 21 29
50 20 30
51 21 28
50 20 30
47 22 31
47 21 32
-----
Simulation parameters:
Using 100 nodes.
Using 10 snapshot period.
Using 100 as maximum number of snapshots.
Using 1000 as maximum number of snapshots.
Using 1000 as height.
Using 0 as GUI option.
Using 2 infected nodes initially.
Using 130 as infection period.
Using 200 as contagion period.
Using 300 as immune period.
Using 200 as travel distance.
Using 1 as printout option.
Using 0 as stop_all_sane condition.
-----
98 2 0
98 2 0
98 2 0
98 2 0
98 2 0
98 2 0
98 2 0
98 2 0
98 2 0
95 5 0
95 5 0
95 5 0
94 6 0
94 6 0
93 7 0
91 9 0
90 10 0
89 11 0
89 11 0
87 13 0
87 13 0
86 14 0
86 13 1
85 14 1
83 14 3
81 16 3
78 18 4
77 18 5
76 19 5
76 19 5
75 19 6
73 20 7
73 20 7
73 18 9
73 18 9
71 20 9
71 20 9
71 20 9
71 18 11
70 17 13
70 14 16
69 14 17
68 14 18
68 14 18
66 13 21
66 12 22
68 12 20
67 11 22
67 10 23
67 9 24
68 9 23
68 9 23
68 7 25
69 7 24
69 8 23
69 8 23
71 7 22
71 5 24
70 5 25
70 5 25
71 4 25
72 3 25
72 3 25
72 3 25
75 3 22
77 2 21
80 2 18
82 2 16
82 2 16
81 3 16
81 4 15
82 4 14
83 4 13
84 4 12
86 5 9
87 5 8
87 4 9
87 4 9
86 5 9
86 5 9
86 5 9
88 5 7
88 5 7
86 7 7
84 8 8
85 8 7
85 8 7
85 8 7
85 9 6
86 9 5
85 9 6
85 9 6
84 9 7
84 8 8
84 8 8
82 10 8
82 10 8
79 11 10
78 13 9
77 15 8
-----
Simulation parameters:
Using 100 nodes.
Using 10 snapshot period.
Using 100 as maximum number of snapshots.
Using 1000 as maximum number of snapshots.
Using 1000 as height.
Using 0 as GUI option.
Using 2 infected nodes initially.
Using 140 as infection period.
Using 200 as contagion period.
Using 300 as immune period.
Using 200 as travel distance.
Using 1 as printout option.
Using 0 as stop_all_sane condition.
-----
98 2 0
98 2 0
98 2 0
98 2 0
98 2 0
98 2 0
98 2 0
98 2 0
98 2 0
98 2 0
98 2 0
96 4 0
96 4 0
95 5 0
95 5 0
95 5 0
95 4 1
95 4 1
95 4 1
95 4 1
95 4 1
95 4 1
94 5 1
94 5 1
94 4 2
93 5 2
93 2 5
93 2 5
93 2 5
93 2 5
93 2 5
93 2 5
93 2 5
93 2 5
93 2 5
93 3 4
93 3 4
92 4 4
92 4 4
92 4 4
92 3 5
92 3 5
92 2 6
92 2 6
92 2 6
91 3 6
91 3 6
90 4 6
90 4 6
90 4 6
89 5 6
90 5 5
90 4 6
90 4 6
90 4 6
90 4 6
90 5 5
90 5 5
91 4 5
92 4 4
91 5 4
89 7 4
90 7 3
90 5 5
89 6 5
88 7 5
88 7 5
88 7 5
89 7 4
89 7 4
89 6 5
89 6 5
88 6 6
88 5 7
87 6 7
87 6 7
87 6 7
87 6 7
87 5 8
87 5 8
86 5 9
87 5 8
87 5 8
86 5 9
86 5 9
85 6 9
86 6 8
85 6 9
84 6 10
82 8 10
82 8 10
82 8 10
82 8 10
81 9 10
80 10 10
76 14 10
78 14 8
78 13 9
78 12 10
79 12 9
-----
Simulation parameters:
Using 100 nodes.
Using 10 snapshot period.
Using 100 as maximum number of snapshots.
Using 1000 as maximum number of snapshots.
Using 1000 as height.
Using 0 as GUI option.
Using 2 infected nodes initially.
Using 150 as infection period.
Using 200 as contagion period.
Using 300 as immune period.
Using 200 as travel distance.
Using 1 as printout option.
Using 0 as stop_all_sane condition.
-----
98 2 0
98 2 0
98 2 0
98 2 0
98 2 0
98 2 0
98 2 0
98 2 0
98 2 0
98 2 0
98 2 0
98 2 0
98 2 0
96 4 0
95 5 0
95 5 0
94 5 1
93 6 1
93 6 1
93 6 1
92 7 1
92 7 1
90 9 1
90 8 2
89 9 2
88 10 2
88 10 2
87 11 2
86 12 2
85 13 2
85 13 2
85 13 2
84 13 3
83 14 3
83 12 5
81 14 5
80 13 7
80 11 9
79 12 9
78 13 9
76 14 10
76 13 11
76 12 12
75 13 12
76 13 11
76 12 12
76 12 12
77 12 11
77 11 12
77 11 12
76 11 13
76 10 14
77 10 13
77 10 13
77 10 13
77 10 13
77 9 14
77 7 16
75 7 18
76 5 19
76 4 20
77 4 19
77 5 18
78 5 17
79 5 16
79 6 15
79 5 16
78 6 16
77 7 16
79 7 14
80 7 13
79 6 15
79 6 15
80 6 14
79 7 14
79 7 14
79 7 14
79 7 14
80 7 13
79 8 13
79 8 13
79 8 13
76 11 13
79 11 10
78 11 11
78 9 13
79 9 12
79 10 11
78 11 11
78 12 10
78 12 10
77 12 11
78 12 10
78 12 10
78 12 10
78 13 9
74 15 11
74 15 11
73 14 13
73 14 13
-----
Simulation parameters:
Using 100 nodes.
Using 10 snapshot period.
Using 100 as maximum number of snapshots.
Using 1000 as maximum number of snapshots.
Using 1000 as height.
Using 0 as GUI option.
Using 2 infected nodes initially.
Using 160 as infection period.
Using 200 as contagion period.
Using 300 as immune period.
Using 200 as travel distance.
Using 1 as printout option.
Using 0 as stop_all_sane condition.
-----
98 2 0
98 2 0
98 2 0
98 2 0
98 2 0
98 2 0
98 2 0
98 2 0
98 2 0
98 2 0
98 2 0
98 2 0
98 2 0
98 2 0
98 2 0
98 1 1
98 1 1
98 1 1
98 1 1
98 1 1
98 1 1
97 2 1
97 1 2
97 1 2
97 1 2
97 1 2
97 1 2
97 1 2
97 1 2
97 1 2
97 1 2
97 1 2
97 1 2
97 1 2
97 1 2
97 1 2
97 1 2
97 1 2
97 0 3
97 0 3
98 0 2
98 0 2
98 0 2
98 0 2
98 0 2
98 0 2
98 0 2
99 0 1
99 0 1
99 0 1
99 0 1
99 0 1
99 0 1
99 0 1
99 0 1
99 0 1
99 0 1
99 0 1
99 0 1
99 0 1
99 0 1
99 0 1
99 0 1
99 0 1
99 0 1
99 0 1
99 0 1
99 0 1
99 0 1
99 0 1
99 0 1
99 0 1
99 0 1
99 0 1
100 0 0
100 0 0
100 0 0
100 0 0
100 0 0
100 0 0
100 0 0
100 0 0
100 0 0
100 0 0
100 0 0
100 0 0
100 0 0
100 0 0
100 0 0
100 0 0
100 0 0
100 0 0
100 0 0
100 0 0
100 0 0
100 0 0
100 0 0
100 0 0
100 0 0
100 0 0
-----
Simulation parameters:
Using 100 nodes.
Using 10 snapshot period.
Using 100 as maximum number of snapshots.
Using 1000 as maximum number of snapshots.
Using 1000 as height.
Using 0 as GUI option.
Using 2 infected nodes initially.
Using 170 as infection period.
Using 200 as contagion period.
Using 300 as immune period.
Using 200 as travel distance.
Using 1 as printout option.
Using 0 as stop_all_sane condition.
-----
99 1 0
99 1 0
99 1 0
99 1 0
99 1 0
99 1 0
99 1 0
99 1 0
99 1 0
99 1 0
99 1 0
99 1 0
99 1 0
99 1 0
99 1 0
99 1 0
98 2 0
98 2 0
98 2 0
98 2 0
98 2 0
98 2 0
98 2 0
98 1 1
98 1 1
98 1 1
98 1 1
98 1 1
98 1 1
98 1 1
98 1 1
98 1 1
98 1 1
98 1 1
98 1 1
98 1 1
98 1 1
98 0 2
98 0 2
98 0 2
98 0 2
98 0 2
98 0 2
98 0 2
98 0 2
98 0 2
98 0 2
98 0 2
98 0 2
98 0 2
98 0 2
98 0 2
98 0 2
98 0 2
99 0 1
99 0 1
99 0 1
99 0 1
99 0 1
99 0 1
99 0 1
99 0 1
99 0 1
99 0 1
99 0 1
99 0 1
99 0 1
99 0 1
99 0 1
99 0 1
100 0 0
100 0 0
100 0 0
100 0 0
100 0 0
100 0 0
100 0 0
100 0 0
100 0 0
100 0 0
100 0 0
100 0 0
100 0 0
100 0 0
100 0 0
100 0 0
100 0 0
100 0 0
100 0 0
100 0 0
100 0 0
100 0 0
100 0 0
100 0 0
100 0 0
100 0 0
100 0 0
100 0 0
100 0 0
100 0 0
-----
Simulation parameters:
Using 100 nodes.
Using 10 snapshot period.
Using 100 as maximum number of snapshots.
Using 1000 as maximum number of snapshots.
Using 1000 as height.
Using 0 as GUI option.
Using 2 infected nodes initially.
Using 180 as infection period.
Using 200 as contagion period.
Using 300 as immune period.
Using 200 as travel distance.
Using 1 as printout option.
Using 0 as stop_all_sane condition.
-----
98 2 0
98 2 0
98 2 0
98 2 0
98 2 0
98 2 0
98 2 0
98 2 0
98 2 0
98 2 0
98 2 0
98 2 0
98 2 0
98 2 0
98 2 0
98 2 0
98 1 1
98 1 1
98 1 1
98 1 1
98 1 1
98 0 2
98 0 2
98 0 2
98 0 2
98 0 2
98 0 2
98 0 2
98 0 2
98 0 2
98 0 2
98 0 2
98 0 2
98 0 2
98 0 2
98 0 2
98 0 2
98 0 2
98 0 2
98 0 2
99 0 1
99 0 1
99 0 1
99 0 1
100 0 0
100 0 0
100 0 0
100 0 0
100 0 0
100 0 0
100 0 0
100 0 0
100 0 0
100 0 0
100 0 0
100 0 0
100 0 0
100 0 0
100 0 0
100 0 0
100 0 0
100 0 0
100 0 0
100 0 0
100 0 0
100 0 0
100 0 0
100 0 0
100 0 0
100 0 0
100 0 0
100 0 0
100 0 0
100 0 0
100 0 0
100 0 0
100 0 0
100 0 0
100 0 0
100 0 0
100 0 0
100 0 0
100 0 0
100 0 0
100 0 0
100 0 0
100 0 0
100 0 0
100 0 0
100 0 0
100 0 0
100 0 0
100 0 0
100 0 0
100 0 0
100 0 0
100 0 0
100 0 0
100 0 0
100 0 0
-----
Simulation parameters:
Using 100 nodes.
Using 10 snapshot period.
Using 100 as maximum number of snapshots.
Using 1000 as maximum number of snapshots.
Using 1000 as height.
Using 0 as GUI option.
Using 2 infected nodes initially.
Using 190 as infection period.
Using 200 as contagion period.
Using 300 as immune period.
Using 200 as travel distance.
Using 1 as printout option.
Using 0 as stop_all_sane condition.
-----
98 2 0
98 2 0
98 2 0
98 2 0
98 2 0
98 2 0
98 2 0
98 2 0
98 2 0
98 2 0
98 2 0
98 2 0
98 2 0
98 2 0
98 1 1
98 1 1
98 0 2
98 0 2
98 0 2
98 0 2
98 0 2
98 0 2
98 0 2
98 0 2
98 0 2
98 0 2
98 0 2
98 0 2
98 0 2
98 0 2
98 0 2
98 0 2
98 0 2
98 0 2
98 0 2
98 0 2
98 0 2
98 0 2
98 0 2
99 0 1
100 0 0
100 0 0
100 0 0
100 0 0
100 0 0
100 0 0
100 0 0
100 0 0
100 0 0
100 0 0
100 0 0
100 0 0
100 0 0
100 0 0
100 0 0
100 0 0
100 0 0
100 0 0
100 0 0
100 0 0
100 0 0
100 0 0
100 0 0
100 0 0
100 0 0
100 0 0
100 0 0
100 0 0
100 0 0
100 0 0
100 0 0
100 0 0
100 0 0
100 0 0
100 0 0
100 0 0
100 0 0
100 0 0
100 0 0
100 0 0
100 0 0
100 0 0
100 0 0
100 0 0
100 0 0
100 0 0
100 0 0
100 0 0
100 0 0
100 0 0
100 0 0
100 0 0
100 0 0
100 0 0
100 0 0
100 0 0
100 0 0
100 0 0
100 0 0
100 0 0
-----
Simulation parameters:
Using 100 nodes.
Using 10 snapshot period.
Using 100 as maximum number of snapshots.
Using 1000 as maximum number of snapshots.
Using 1000 as height.
Using 0 as GUI option.
Using 2 infected nodes initially.
Using 200 as infection period.
Using 200 as contagion period.
Using 300 as immune period.
Using 200 as travel distance.
Using 1 as printout option.
Using 0 as stop_all_sane condition.
-----
98 2 0
98 2 0
98 2 0
98 2 0
98 2 0
98 2 0
98 2 0
98 2 0
98 2 0
98 2 0
98 2 0
98 2 0
98 2 0
98 2 0
98 2 0
98 2 0
98 2 0
97 3 0
97 3 0
97 3 0
97 2 1
97 1 2
97 1 2
97 1 2
97 1 2
97 1 2
97 1 2
97 1 2
97 1 2
97 1 2
97 1 2
97 1 2
97 1 2
97 1 2
97 0 3
97 0 3
97 0 3
97 0 3
97 0 3
98 0 2
98 0 2
98 0 2
98 0 2
98 0 2
98 0 2
99 0 1
99 0 1
99 0 1
99 0 1
99 0 1
99 0 1
99 0 1
99 0 1
99 0 1
99 0 1
99 0 1
99 0 1
99 0 1
99 0 1
99 0 1
99 0 1
99 0 1
100 0 0
100 0 0
100 0 0
100 0 0
100 0 0
100 0 0
100 0 0
100 0 0
100 0 0
100 0 0
100 0 0
100 0 0
100 0 0
100 0 0
100 0 0
100 0 0
100 0 0
100 0 0
100 0 0
100 0 0
100 0 0
100 0 0
100 0 0
100 0 0
100 0 0
100 0 0
100 0 0
100 0 0
100 0 0
100 0 0
100 0 0
100 0 0
100 0 0
100 0 0
100 0 0
100 0 0
100 0 0
100 0 0
