-----
Simulation parameters:
Using 100 nodes.
Using 10 snapshot period.
Using 100 as maximum number of snapshots.
Using 1000 as maximum number of snapshots.
Using 1000 as height.
Using 0 as GUI option.
Using 0 infected nodes initially.
Using 100 as infection period.
Using 200 as contagion period.
Using 300 as immune period.
Using 200 as travel distance.
Using 1 as printout option.
Using 0 as stop_all_sane condition.
-----
100 0 0
100 0 0
100 0 0
100 0 0
100 0 0
100 0 0
100 0 0
100 0 0
100 0 0
100 0 0
100 0 0
100 0 0
100 0 0
100 0 0
100 0 0
100 0 0
100 0 0
100 0 0
100 0 0
100 0 0
100 0 0
100 0 0
100 0 0
100 0 0
100 0 0
100 0 0
100 0 0
100 0 0
100 0 0
100 0 0
100 0 0
100 0 0
100 0 0
100 0 0
100 0 0
100 0 0
100 0 0
100 0 0
100 0 0
100 0 0
100 0 0
100 0 0
100 0 0
100 0 0
100 0 0
100 0 0
100 0 0
100 0 0
100 0 0
100 0 0
100 0 0
100 0 0
100 0 0
100 0 0
100 0 0
100 0 0
100 0 0
100 0 0
100 0 0
100 0 0
100 0 0
100 0 0
100 0 0
100 0 0
100 0 0
100 0 0
100 0 0
100 0 0
100 0 0
100 0 0
100 0 0
100 0 0
100 0 0
100 0 0
100 0 0
100 0 0
100 0 0
100 0 0
100 0 0
100 0 0
100 0 0
100 0 0
100 0 0
100 0 0
100 0 0
100 0 0
100 0 0
100 0 0
100 0 0
100 0 0
100 0 0
100 0 0
100 0 0
100 0 0
100 0 0
100 0 0
100 0 0
100 0 0
100 0 0
100 0 0
-----
Simulation parameters:
Using 100 nodes.
Using 10 snapshot period.
Using 100 as maximum number of snapshots.
Using 1000 as maximum number of snapshots.
Using 1000 as height.
Using 0 as GUI option.
Using 10 infected nodes initially.
Using 100 as infection period.
Using 200 as contagion period.
Using 300 as immune period.
Using 200 as travel distance.
Using 1 as printout option.
Using 0 as stop_all_sane condition.
-----
90 10 0
90 10 0
90 10 0
90 10 0
90 10 0
90 10 0
90 10 0
87 13 0
81 19 0
78 22 0
74 26 0
73 27 0
66 34 0
64 35 1
62 37 1
55 43 2
50 48 2
49 48 3
46 50 4
43 52 5
39 56 5
38 55 7
36 55 9
33 56 11
30 54 16
29 51 20
28 51 21
27 50 23
25 48 27
23 45 32
21 42 37
18 42 40
16 43 41
15 41 44
15 39 46
14 35 51
14 33 53
13 34 53
13 32 55
12 27 61
11 27 62
12 24 64
13 22 65
11 22 67
13 18 69
15 18 67
17 16 67
20 15 65
20 13 67
21 13 66
24 11 65
24 11 65
27 11 62
27 10 63
30 11 59
34 8 58
35 7 58
38 6 56
41 6 53
42 4 54
45 4 51
46 5 49
50 4 46
54 4 42
57 4 39
58 4 38
59 5 36
65 4 31
68 4 28
69 3 28
70 3 27
72 3 25
74 4 22
75 5 20
77 5 18
81 5 14
82 4 14
83 4 13
83 4 13
84 4 12
84 4 12
86 4 10
87 4 9
85 6 9
87 5 8
88 5 7
87 5 8
88 5 7
88 5 7
88 3 9
88 3 9
88 3 9
87 4 9
87 4 9
87 4 9
88 4 8
89 4 7
88 4 8
90 4 6
90 3 7
-----
Simulation parameters:
Using 100 nodes.
Using 10 snapshot period.
Using 100 as maximum number of snapshots.
Using 1000 as maximum number of snapshots.
Using 1000 as height.
Using 0 as GUI option.
Using 20 infected nodes initially.
Using 100 as infection period.
Using 200 as contagion period.
Using 300 as immune period.
Using 200 as travel distance.
Using 1 as printout option.
Using 0 as stop_all_sane condition.
-----
81 19 0
81 19 0
81 19 0
81 19 0
81 19 0
81 19 0
81 19 0
77 23 0
71 29 0
69 31 0
59 41 0
53 47 0
48 52 0
46 54 0
44 54 2
42 55 3
41 53 6
38 53 9
37 53 10
33 56 11
28 61 11
26 59 15
24 59 17
21 59 20
21 58 21
18 55 27
17 54 29
16 48 36
15 46 39
15 43 42
14 41 45
14 34 52
14 30 56
13 30 57
14 25 61
15 23 62
15 19 66
14 20 66
14 19 67
14 18 68
15 15 70
15 14 71
15 12 73
17 12 71
15 11 74
18 10 72
20 9 71
20 8 72
23 7 70
29 7 64
32 7 61
34 7 59
35 7 58
38 7 55
41 7 52
41 7 52
44 6 50
47 5 48
49 7 44
52 7 41
53 7 40
58 7 35
62 7 31
65 6 29
70 6 24
72 5 23
72 5 23
74 4 22
76 4 20
76 4 20
77 3 20
78 3 19
77 4 19
76 5 19
80 5 15
81 5 14
84 5 11
84 5 11
85 4 11
85 4 11
84 5 11
84 5 11
86 5 9
85 7 8
85 8 7
83 10 7
83 10 7
83 10 7
84 10 6
82 11 7
81 12 7
81 12 7
78 14 8
78 13 9
76 15 9
76 16 8
76 16 8
75 16 9
75 17 8
75 17 8
-----
Simulation parameters:
Using 100 nodes.
Using 10 snapshot period.
Using 100 as maximum number of snapshots.
Using 1000 as maximum number of snapshots.
Using 1000 as height.
Using 0 as GUI option.
Using 30 infected nodes initially.
Using 100 as infection period.
Using 200 as contagion period.
Using 300 as immune period.
Using 200 as travel distance.
Using 1 as printout option.
Using 0 as stop_all_sane condition.
-----
76 24 0
76 24 0
76 24 0
76 24 0
76 24 0
76 24 0
76 24 0
70 30 0
67 33 0
63 37 0
53 47 0
45 55 0
39 61 0
39 61 0
37 61 2
34 61 5
31 62 7
29 63 8
26 63 11
23 64 13
21 59 20
18 60 22
13 61 26
13 60 27
12 57 31
9 58 33
6 55 39
6 54 40
6 53 41
5 52 43
3 50 47
3 43 54
2 38 60
2 34 64
2 31 67
1 27 72
2 25 73
4 23 73
4 21 75
5 18 77
8 15 77
8 14 78
10 11 79
11 9 80
13 7 80
18 6 76
20 4 76
22 3 75
24 3 73
27 3 70
29 2 69
32 1 67
35 1 64
41 1 58
43 0 57
48 0 52
52 0 48
56 0 44
58 0 42
60 0 40
62 0 38
64 0 36
67 0 33
70 0 30
74 0 26
77 0 23
79 0 21
82 0 18
83 0 17
85 0 15
88 0 12
89 0 11
89 0 11
92 0 8
93 0 7
94 0 6
94 0 6
95 0 5
96 0 4
97 0 3
98 0 2
99 0 1
99 0 1
100 0 0
100 0 0
100 0 0
100 0 0
100 0 0
100 0 0
100 0 0
100 0 0
100 0 0
100 0 0
100 0 0
100 0 0
100 0 0
100 0 0
100 0 0
100 0 0
100 0 0
-----
Simulation parameters:
Using 100 nodes.
Using 10 snapshot period.
Using 100 as maximum number of snapshots.
Using 1000 as maximum number of snapshots.
Using 1000 as height.
Using 0 as GUI option.
Using 40 infected nodes initially.
Using 100 as infection period.
Using 200 as contagion period.
Using 300 as immune period.
Using 200 as travel distance.
Using 1 as printout option.
Using 0 as stop_all_sane condition.
-----
67 33 0
67 33 0
67 33 0
67 33 0
67 33 0
67 33 0
67 33 0
61 39 0
54 46 0
48 52 0
40 60 0
33 67 0
22 78 0
22 77 1
22 72 6
18 73 9
16 71 13
15 70 15
12 71 17
11 70 19
10 66 24
9 65 26
9 60 31
8 57 35
7 50 43
7 43 50
6 41 53
6 39 55
6 35 59
6 32 62
6 27 67
5 26 69
5 23 72
5 20 75
5 14 81
6 12 82
8 11 81
9 10 81
9 10 81
9 7 84
11 6 83
13 5 82
17 4 79
19 4 77
21 4 75
25 4 71
30 4 66
32 3 65
33 2 65
35 2 63
44 2 54
47 2 51
50 2 48
52 3 45
53 3 44
58 3 39
62 3 35
65 3 32
67 2 31
72 2 26
72 1 27
77 1 22
79 1 20
82 1 17
82 1 17
85 1 14
88 1 11
91 1 8
93 1 6
93 1 6
93 1 6
94 1 5
95 1 4
95 1 4
96 1 3
96 1 3
96 1 3
96 0 4
97 0 3
97 0 3
97 0 3
97 0 3
97 0 3
98 0 2
98 0 2
98 0 2
98 0 2
98 0 2
98 0 2
99 0 1
99 0 1
99 0 1
99 0 1
99 0 1
99 0 1
99 0 1
99 0 1
99 0 1
99 0 1
99 0 1
-----
Simulation parameters:
Using 100 nodes.
Using 10 snapshot period.
Using 100 as maximum number of snapshots.
Using 1000 as maximum number of snapshots.
Using 1000 as height.
Using 0 as GUI option.
Using 50 infected nodes initially.
Using 100 as infection period.
Using 200 as contagion period.
Using 300 as immune period.
Using 200 as travel distance.
Using 1 as printout option.
Using 0 as stop_all_sane condition.
-----
60 40 0
60 40 0
60 40 0
60 40 0
60 40 0
60 40 0
60 40 0
55 45 0
46 54 0
39 61 0
30 70 0
18 82 0
12 88 0
11 85 4
11 81 8
11 79 10
9 75 16
9 73 18
8 72 20
7 68 25
6 63 31
4 64 32
4 62 34
3 58 39
3 51 46
2 47 51
2 43 55
2 37 61
2 32 66
2 31 67
2 28 70
2 24 74
2 16 82
2 13 85
2 9 89
3 6 91
4 6 90
5 5 90
5 6 89
7 6 87
10 5 85
10 5 85
13 5 82
15 3 82
15 3 82
19 1 80
22 1 77
27 1 72
32 1 67
36 1 63
42 1 57
47 1 52
48 1 51
51 1 48
55 1 44
58 1 41
61 0 39
65 0 35
69 0 31
74 0 26
75 0 25
78 0 22
82 0 18
86 0 14
87 0 13
90 0 10
91 0 9
93 0 7
96 0 4
98 0 2
98 0 2
98 0 2
98 0 2
98 0 2
98 0 2
98 0 2
98 0 2
98 0 2
98 0 2
99 0 1
99 0 1
99 0 1
99 0 1
99 0 1
99 0 1
100 0 0
100 0 0
100 0 0
100 0 0
100 0 0
100 0 0
100 0 0
100 0 0
100 0 0
100 0 0
100 0 0
100 0 0
100 0 0
100 0 0
100 0 0
-----
Simulation parameters:
Using 100 nodes.
Using 10 snapshot period.
Using 100 as maximum number of snapshots.
Using 1000 as maximum number of snapshots.
Using 1000 as height.
Using 0 as GUI option.
Using 60 infected nodes initially.
Using 100 as infection period.
Using 200 as contagion period.
Using 300 as immune period.
Using 200 as travel distance.
Using 1 as printout option.
Using 0 as stop_all_sane condition.
-----
57 43 0
57 43 0
57 43 0
57 43 0
57 43 0
57 43 0
57 43 0
52 48 0
47 53 0
42 58 0
30 70 0
22 78 0
16 84 0
16 81 3
15 75 10
14 72 14
13 71 16
11 67 22
11 63 26
10 64 26
10 61 29
10 53 37
9 47 44
8 42 50
5 41 54
5 34 61
4 32 64
4 29 67
4 26 70
3 25 72
3 24 73
3 22 75
3 17 80
3 14 83
5 12 83
6 11 83
6 10 84
10 8 82
10 8 82
11 7 82
14 5 81
15 5 80
19 4 77
21 4 75
24 3 73
26 2 72
34 2 64
40 2 58
45 2 53
48 2 50
50 1 49
54 0 46
58 0 42
59 0 41
61 0 39
64 0 36
71 0 29
74 0 26
82 0 18
82 0 18
84 0 16
87 0 13
87 0 13
88 0 12
89 0 11
90 0 10
91 0 9
93 0 7
95 0 5
95 0 5
97 0 3
97 0 3
97 0 3
98 0 2
98 0 2
98 0 2
98 0 2
99 0 1
100 0 0
100 0 0
100 0 0
100 0 0
100 0 0
100 0 0
100 0 0
100 0 0
100 0 0
100 0 0
100 0 0
100 0 0
100 0 0
100 0 0
100 0 0
100 0 0
100 0 0
100 0 0
100 0 0
100 0 0
100 0 0
100 0 0
-----
Simulation parameters:
Using 100 nodes.
Using 10 snapshot period.
Using 100 as maximum number of snapshots.
Using 1000 as maximum number of snapshots.
Using 1000 as height.
Using 0 as GUI option.
Using 70 infected nodes initially.
Using 100 as infection period.
Using 200 as contagion period.
Using 300 as immune period.
Using 200 as travel distance.
Using 1 as printout option.
Using 0 as stop_all_sane condition.
-----
53 47 0
53 47 0
53 47 0
53 47 0
53 47 0
53 47 0
53 47 0
46 54 0
41 59 0
32 68 0
25 75 0
15 85 0
8 92 0
7 88 5
7 82 11
5 79 16
4 78 18
3 77 20
3 74 23
3 70 27
2 68 30
2 61 37
2 56 42
2 50 48
2 41 57
2 36 62
2 31 67
2 28 70
1 24 75
1 23 76
1 20 79
1 16 83
1 10 89
1 6 93
1 4 95
3 3 94
6 2 92
7 2 91
10 2 88
11 2 87
14 2 84
17 1 82
24 1 75
28 1 71
29 1 70
35 1 64
36 1 63
42 1 57
47 1 52
49 0 51
52 0 48
57 0 43
63 0 37
66 0 34
72 0 28
74 0 26
80 0 20
82 0 18
83 0 17
86 0 14
89 0 11
91 0 9
92 0 8
93 0 7
93 0 7
95 0 5
98 0 2
98 0 2
98 0 2
98 0 2
98 0 2
99 0 1
99 0 1
99 0 1
99 0 1
99 0 1
99 0 1
99 0 1
99 0 1
99 0 1
99 0 1
100 0 0
100 0 0
100 0 0
100 0 0
100 0 0
100 0 0
100 0 0
100 0 0
100 0 0
100 0 0
100 0 0
100 0 0
100 0 0
100 0 0
100 0 0
100 0 0
100 0 0
100 0 0
100 0 0
-----
Simulation parameters:
Using 100 nodes.
Using 10 snapshot period.
Using 100 as maximum number of snapshots.
Using 1000 as maximum number of snapshots.
Using 1000 as height.
Using 0 as GUI option.
Using 80 infected nodes initially.
Using 100 as infection period.
Using 200 as contagion period.
Using 300 as immune period.
Using 200 as travel distance.
Using 1 as printout option.
Using 0 as stop_all_sane condition.
-----
47 53 0
47 53 0
47 53 0
47 53 0
47 53 0
47 53 0
47 53 0
41 59 0
33 67 0
26 74 0
25 75 0
20 80 0
14 86 0
13 83 4
10 84 6
9 79 12
8 75 17
7 73 20
5 72 23
5 68 27
4 64 32
4 57 39
3 57 40
3 46 51
3 38 59
3 33 64
3 32 65
3 26 71
3 21 76
3 19 78
2 15 83
2 13 85
2 12 86
2 9 89
4 6 90
4 6 90
4 6 90
5 6 89
7 5 88
12 3 85
14 3 83
16 3 81
22 1 77
24 1 75
27 1 72
31 1 68
37 1 62
40 1 59
44 1 55
47 1 52
53 1 46
59 1 40
64 1 35
67 1 32
71 1 28
75 0 25
77 0 23
80 0 20
83 0 17
86 0 14
88 0 12
90 0 10
91 0 9
92 0 8
93 0 7
93 0 7
94 0 6
95 0 5
97 0 3
97 0 3
97 0 3
97 0 3
97 0 3
97 0 3
98 0 2
99 0 1
99 0 1
99 0 1
100 0 0
100 0 0
100 0 0
100 0 0
100 0 0
100 0 0
100 0 0
100 0 0
100 0 0
100 0 0
100 0 0
100 0 0
100 0 0
100 0 0
100 0 0
100 0 0
100 0 0
100 0 0
100 0 0
100 0 0
100 0 0
100 0 0
-----
Simulation parameters:
Using 100 nodes.
Using 10 snapshot period.
Using 100 as maximum number of snapshots.
Using 1000 as maximum number of snapshots.
Using 1000 as height.
Using 0 as GUI option.
Using 90 infected nodes initially.
Using 100 as infection period.
Using 200 as contagion period.
Using 300 as immune period.
Using 200 as travel distance.
Using 1 as printout option.
Using 0 as stop_all_sane condition.
-----
43 57 0
43 57 0
43 57 0
43 57 0
43 57 0
43 57 0
43 57 0
38 62 0
30 70 0
25 75 0
20 80 0
9 91 0
4 96 0
3 94 3
1 95 4
1 89 10
1 85 14
0 82 18
0 72 28
0 69 31
0 66 34
0 59 41
0 47 53
0 42 58
0 35 65
0 29 71
0 28 72
0 27 73
0 27 73
0 22 78
0 15 85
0 11 89
0 8 92
0 4 96
1 3 96
1 3 96
5 1 94
6 1 93
10 0 90
13 0 87
14 0 86
18 0 82
22 0 78
25 0 75
28 0 72
32 0 68
38 0 62
43 0 57
45 0 55
51 0 49
54 0 46
58 0 42
60 0 40
68 0 32
71 0 29
73 0 27
75 0 25
80 0 20
86 0 14
86 0 14
87 0 13
88 0 12
90 0 10
92 0 8
93 0 7
98 0 2
100 0 0
100 0 0
100 0 0
100 0 0
100 0 0
100 0 0
100 0 0
100 0 0
100 0 0
100 0 0
100 0 0
100 0 0
100 0 0
100 0 0
100 0 0
100 0 0
100 0 0
100 0 0
100 0 0
100 0 0
100 0 0
100 0 0
100 0 0
100 0 0
100 0 0
100 0 0
100 0 0
100 0 0
100 0 0
100 0 0
100 0 0
100 0 0
100 0 0
100 0 0
