-----
Simulation parameters:
Using 100 nodes.
Using 10 snapshot period.
Using 100 as maximum number of snapshots.
Using 1000 as maximum number of snapshots.
Using 1000 as height.
Using 0 as GUI option.
Using 2 infected nodes initially.
Using 100 as infection period.
Using 200 as contagion period.
Using 10 as immune period.
Using 200 as travel distance.
Using 1 as printout option.
Using 0 as stop_all_sane condition.
-----
98 2 0
98 2 0
98 2 0
98 2 0
98 2 0
98 2 0
98 2 0
98 2 0
97 3 0
96 4 0
96 4 0
96 4 0
95 5 0
95 5 0
95 5 0
95 5 0
94 6 0
94 6 0
94 6 0
93 7 0
93 7 0
93 6 1
91 9 0
90 10 0
89 10 1
89 11 0
89 11 0
88 10 2
88 12 0
89 11 0
89 11 0
89 11 0
89 11 0
88 11 1
87 13 0
86 13 1
82 18 0
82 17 1
83 15 2
84 16 0
84 16 0
84 15 1
81 19 0
79 20 1
80 19 1
78 22 0
77 22 1
76 23 1
76 22 2
76 22 2
78 21 1
79 20 1
76 23 1
74 26 0
72 27 1
69 29 2
71 27 2
72 27 1
72 26 2
71 26 3
71 28 1
70 28 2
72 28 0
71 28 1
70 29 1
69 30 1
68 31 1
68 31 1
68 32 0
69 30 1
68 29 3
70 28 2
68 32 0
67 30 3
66 33 1
67 31 2
70 29 1
68 31 1
68 30 2
68 29 3
69 31 0
63 37 0
62 37 1
62 38 0
61 37 2
61 36 3
57 40 3
58 41 1
58 39 3
59 38 3
62 35 3
63 34 3
65 34 1
65 35 0
65 33 2
63 35 2
65 33 2
65 33 2
66 34 0
63 34 3
-----
Simulation parameters:
Using 100 nodes.
Using 10 snapshot period.
Using 100 as maximum number of snapshots.
Using 1000 as maximum number of snapshots.
Using 1000 as height.
Using 0 as GUI option.
Using 2 infected nodes initially.
Using 100 as infection period.
Using 200 as contagion period.
Using 20 as immune period.
Using 200 as travel distance.
Using 1 as printout option.
Using 0 as stop_all_sane condition.
-----
98 2 0
98 2 0
98 2 0
98 2 0
98 2 0
98 2 0
98 2 0
98 2 0
98 2 0
96 4 0
96 4 0
94 6 0
93 7 0
91 8 1
91 7 2
90 9 1
89 11 0
88 12 0
88 12 0
88 12 0
87 13 0
86 14 0
83 17 0
79 21 0
79 20 1
76 21 3
75 22 3
75 24 1
75 23 2
74 25 1
72 26 2
72 27 1
73 27 0
73 27 0
72 27 1
71 27 2
70 28 2
68 30 2
65 29 6
59 35 6
61 36 3
63 37 0
62 36 2
61 38 1
56 40 4
57 39 4
52 44 4
53 43 4
51 44 5
52 44 4
53 44 3
53 45 2
52 43 5
51 45 4
53 45 2
52 45 3
49 47 4
46 51 3
43 52 5
42 51 7
44 50 6
44 53 3
44 51 5
44 53 3
42 54 4
41 55 4
40 54 6
39 55 6
41 55 4
40 57 3
37 59 4
36 61 3
36 61 3
36 56 8
33 57 10
41 53 6
41 53 6
41 55 4
41 54 5
40 55 5
43 51 6
45 50 5
44 52 4
47 47 6
47 45 8
52 45 3
50 46 4
47 47 6
45 50 5
48 47 5
50 44 6
51 43 6
51 44 5
50 48 2
49 48 3
46 51 3
43 53 4
45 51 4
39 53 8
39 56 5
-----
Simulation parameters:
Using 100 nodes.
Using 10 snapshot period.
Using 100 as maximum number of snapshots.
Using 1000 as maximum number of snapshots.
Using 1000 as height.
Using 0 as GUI option.
Using 2 infected nodes initially.
Using 100 as infection period.
Using 200 as contagion period.
Using 30 as immune period.
Using 200 as travel distance.
Using 1 as printout option.
Using 0 as stop_all_sane condition.
-----
98 2 0
98 2 0
98 2 0
98 2 0
98 2 0
98 2 0
98 2 0
96 4 0
95 5 0
95 5 0
95 5 0
95 5 0
95 5 0
95 5 0
94 6 0
93 7 0
93 7 0
93 7 0
93 6 1
93 6 1
93 6 1
93 6 1
93 6 1
92 7 1
93 6 1
92 6 2
92 6 2
93 5 2
94 5 1
93 6 1
94 6 0
94 6 0
94 5 1
94 5 1
93 6 1
93 6 1
93 7 0
92 6 2
92 6 2
91 7 2
93 6 1
93 5 2
93 5 2
93 6 1
91 9 0
89 11 0
86 14 0
85 14 1
85 14 1
82 17 1
81 18 1
81 19 0
80 20 0
77 22 1
76 23 1
77 23 0
73 27 0
73 25 2
68 30 2
67 30 3
67 31 2
65 31 4
64 33 3
62 34 4
63 32 5
62 30 8
61 31 8
64 31 5
62 36 2
64 33 3
63 34 3
59 38 3
61 37 2
58 39 3
56 38 6
53 39 8
51 41 8
53 41 6
53 43 4
53 43 4
50 44 6
51 44 5
51 39 10
51 40 9
52 40 8
52 43 5
52 46 2
53 45 2
53 43 4
52 42 6
50 45 5
48 47 5
48 44 8
49 43 8
45 46 9
46 46 8
44 49 7
45 47 8
45 48 7
45 50 5
-----
Simulation parameters:
Using 100 nodes.
Using 10 snapshot period.
Using 100 as maximum number of snapshots.
Using 1000 as maximum number of snapshots.
Using 1000 as height.
Using 0 as GUI option.
Using 2 infected nodes initially.
Using 100 as infection period.
Using 200 as contagion period.
Using 40 as immune period.
Using 200 as travel distance.
Using 1 as printout option.
Using 0 as stop_all_sane condition.
-----
98 2 0
98 2 0
98 2 0
98 2 0
98 2 0
98 2 0
98 2 0
97 3 0
96 4 0
94 6 0
94 6 0
92 8 0
92 8 0
92 8 0
91 9 0
90 10 0
90 9 1
89 10 1
88 11 1
87 12 1
87 12 1
85 13 2
86 13 1
86 11 3
86 12 2
85 13 2
85 13 2
84 14 2
84 15 1
83 16 1
81 19 0
81 19 0
80 19 1
79 19 2
80 17 3
79 18 3
79 17 4
79 18 3
77 20 3
76 21 3
78 21 1
75 22 3
75 22 3
76 20 4
77 19 4
76 19 5
76 19 5
78 18 4
77 19 4
79 19 2
79 17 4
76 21 3
76 22 2
74 23 3
74 24 2
73 26 1
71 26 3
69 26 5
65 29 6
66 29 5
66 29 5
63 33 4
60 37 3
58 40 2
55 44 1
55 40 5
50 43 7
47 48 5
46 49 5
45 50 5
43 54 3
44 54 2
41 57 2
39 57 4
37 58 5
35 52 13
35 51 14
37 49 14
40 47 13
43 43 14
44 42 14
45 40 15
49 38 13
49 38 13
55 36 9
54 36 10
52 40 8
53 37 10
52 40 8
51 39 10
49 43 8
50 42 8
51 42 7
51 41 8
49 43 8
47 45 8
49 41 10
49 41 10
48 43 9
48 45 7
-----
Simulation parameters:
Using 100 nodes.
Using 10 snapshot period.
Using 100 as maximum number of snapshots.
Using 1000 as maximum number of snapshots.
Using 1000 as height.
Using 0 as GUI option.
Using 2 infected nodes initially.
Using 100 as infection period.
Using 200 as contagion period.
Using 50 as immune period.
Using 200 as travel distance.
Using 1 as printout option.
Using 0 as stop_all_sane condition.
-----
98 2 0
98 2 0
98 2 0
98 2 0
98 2 0
98 2 0
98 2 0
98 2 0
98 2 0
97 3 0
95 5 0
94 6 0
94 6 0
92 7 1
91 8 1
91 8 1
91 9 0
91 9 0
91 9 0
91 9 0
89 11 0
86 14 0
84 15 1
83 16 1
82 17 1
81 18 1
79 19 2
79 17 4
79 18 3
78 19 3
78 19 3
77 20 3
76 21 3
74 23 3
72 24 4
73 24 3
69 27 4
68 30 2
67 30 3
68 30 2
65 31 4
65 30 5
65 29 6
59 35 6
58 36 6
57 35 8
60 31 9
60 31 9
60 32 8
61 29 10
61 31 8
62 28 10
63 26 11
64 26 10
68 26 6
67 27 6
64 30 6
64 30 6
64 28 8
64 28 8
64 27 9
63 25 12
62 26 12
67 26 7
66 25 9
66 23 11
69 23 8
68 25 7
71 25 4
69 25 6
67 27 6
66 24 10
66 23 11
63 28 9
65 29 6
64 31 5
62 33 5
65 33 2
62 34 4
61 36 3
59 35 6
57 37 6
57 36 7
56 37 7
54 39 7
53 39 8
53 41 6
52 41 7
52 40 8
53 41 6
53 38 9
53 38 9
54 36 10
51 37 12
53 36 11
53 36 11
52 37 11
52 36 12
57 35 8
56 36 8
-----
Simulation parameters:
Using 100 nodes.
Using 10 snapshot period.
Using 100 as maximum number of snapshots.
Using 1000 as maximum number of snapshots.
Using 1000 as height.
Using 0 as GUI option.
Using 2 infected nodes initially.
Using 100 as infection period.
Using 200 as contagion period.
Using 60 as immune period.
Using 200 as travel distance.
Using 1 as printout option.
Using 0 as stop_all_sane condition.
-----
98 2 0
98 2 0
98 2 0
98 2 0
98 2 0
98 2 0
98 2 0
96 4 0
95 5 0
91 9 0
89 11 0
88 12 0
87 13 0
87 13 0
85 15 0
84 16 0
83 16 1
82 17 1
81 18 1
80 19 1
81 19 0
81 18 1
80 19 1
80 19 1
79 19 2
79 18 3
80 18 2
79 18 3
79 17 4
79 16 5
79 13 8
81 12 7
82 12 6
81 9 10
82 9 9
82 6 12
85 5 10
88 5 7
90 4 6
91 5 4
91 4 5
93 4 3
92 6 2
91 7 2
91 8 1
91 9 0
91 7 2
91 7 2
90 8 2
90 8 2
85 13 2
84 14 2
83 15 2
84 16 0
84 16 0
83 17 0
83 16 1
82 15 3
82 14 4
81 14 5
81 13 6
81 13 6
83 13 4
80 14 6
81 11 8
82 11 7
83 11 6
83 11 6
86 11 3
88 10 2
89 9 2
88 10 2
84 14 2
83 16 1
83 15 2
84 14 2
81 16 3
80 17 3
79 19 2
77 20 3
77 20 3
77 19 4
78 19 3
76 19 5
76 18 6
77 18 5
79 18 3
78 17 5
78 18 4
77 18 5
76 19 5
76 19 5
75 19 6
76 18 6
77 20 3
78 17 5
76 19 5
77 17 6
76 19 5
75 18 7
-----
Simulation parameters:
Using 100 nodes.
Using 10 snapshot period.
Using 100 as maximum number of snapshots.
Using 1000 as maximum number of snapshots.
Using 1000 as height.
Using 0 as GUI option.
Using 2 infected nodes initially.
Using 100 as infection period.
Using 200 as contagion period.
Using 70 as immune period.
Using 200 as travel distance.
Using 1 as printout option.
Using 0 as stop_all_sane condition.
-----
98 2 0
98 2 0
98 2 0
98 2 0
98 2 0
98 2 0
98 2 0
98 2 0
97 3 0
94 6 0
93 7 0
93 7 0
92 8 0
91 9 0
91 9 0
90 10 0
90 10 0
89 11 0
86 14 0
86 14 0
86 14 0
84 15 1
82 15 3
80 16 4
79 16 5
77 18 5
75 19 6
73 19 8
74 19 7
77 18 5
75 20 5
75 21 4
74 22 4
73 25 2
73 25 2
71 26 3
71 26 3
68 28 4
66 29 5
65 29 6
62 29 9
60 30 10
54 36 10
55 33 12
56 33 11
50 39 11
52 40 8
52 42 6
51 40 9
53 38 9
55 40 5
52 41 7
48 43 9
45 43 12
42 45 13
45 41 14
42 42 16
44 41 15
42 43 15
44 40 16
44 41 15
43 42 15
44 40 16
43 38 19
45 42 13
46 42 12
44 44 12
44 45 11
45 45 10
44 46 10
46 43 11
44 43 13
46 39 15
47 37 16
43 39 18
42 37 21
42 37 21
45 36 19
48 37 15
50 38 12
46 39 15
48 40 12
49 41 10
50 39 11
50 39 11
49 41 10
44 43 13
43 42 15
43 41 16
38 43 19
38 44 18
37 44 19
39 44 17
40 43 17
41 43 16
42 40 18
45 38 17
46 39 15
43 44 13
40 47 13
-----
Simulation parameters:
Using 100 nodes.
Using 10 snapshot period.
Using 100 as maximum number of snapshots.
Using 1000 as maximum number of snapshots.
Using 1000 as height.
Using 0 as GUI option.
Using 2 infected nodes initially.
Using 100 as infection period.
Using 200 as contagion period.
Using 80 as immune period.
Using 200 as travel distance.
Using 1 as printout option.
Using 0 as stop_all_sane condition.
-----
98 2 0
98 2 0
98 2 0
98 2 0
98 2 0
98 2 0
98 2 0
98 2 0
97 3 0
97 3 0
97 3 0
96 4 0
94 6 0
94 6 0
94 6 0
94 6 0
91 9 0
90 10 0
88 11 1
88 11 1
88 11 1
87 11 2
86 12 2
84 14 2
83 15 2
83 16 1
83 16 1
83 14 3
81 16 3
80 16 4
78 16 6
78 16 6
79 16 5
78 16 6
77 16 7
76 17 7
74 19 7
75 18 7
75 20 5
77 21 2
77 20 3
75 21 4
73 21 6
73 22 5
72 21 7
72 20 8
73 20 7
71 21 8
70 20 10
66 24 10
67 22 11
67 23 10
69 22 9
66 26 8
66 28 6
61 33 6
59 37 4
59 36 5
55 38 7
55 37 8
52 41 7
52 41 7
49 42 9
43 46 11
40 47 13
40 47 13
38 52 10
38 53 9
35 54 11
37 52 11
36 52 12
37 49 14
36 48 16
36 46 18
36 44 20
37 40 23
34 42 24
37 40 23
36 41 23
37 41 22
37 40 23
40 37 23
42 39 19
41 40 19
44 38 18
47 35 18
46 31 23
44 34 22
46 31 23
48 31 21
50 31 19
49 33 18
49 34 17
50 34 16
50 33 17
51 35 14
50 39 11
49 37 14
49 37 14
50 38 12
-----
Simulation parameters:
Using 100 nodes.
Using 10 snapshot period.
Using 100 as maximum number of snapshots.
Using 1000 as maximum number of snapshots.
Using 1000 as height.
Using 0 as GUI option.
Using 2 infected nodes initially.
Using 100 as infection period.
Using 200 as contagion period.
Using 90 as immune period.
Using 200 as travel distance.
Using 1 as printout option.
Using 0 as stop_all_sane condition.
-----
98 2 0
98 2 0
98 2 0
98 2 0
98 2 0
98 2 0
98 2 0
98 2 0
96 4 0
95 5 0
95 5 0
95 5 0
95 5 0
95 5 0
95 4 1
95 4 1
95 4 1
95 4 1
95 4 1
94 5 1
94 5 1
95 5 0
95 5 0
95 5 0
95 4 1
95 4 1
94 4 2
94 4 2
94 3 3
93 4 3
93 3 4
93 3 4
93 3 4
94 4 2
93 5 2
91 7 2
92 6 2
91 7 2
89 8 3
87 10 3
86 11 3
87 11 2
87 11 2
85 13 2
85 13 2
82 16 2
82 17 1
82 16 2
80 18 2
79 20 1
79 19 2
79 18 3
77 20 3
75 22 3
72 24 4
69 27 4
67 29 4
66 27 7
66 26 8
67 25 8
67 25 8
65 27 8
61 31 8
59 32 9
58 32 10
54 35 11
53 34 13
54 35 11
52 36 12
52 36 12
49 38 13
49 39 12
47 40 13
48 41 11
49 41 10
51 41 8
50 40 10
48 41 11
45 39 16
43 39 18
41 38 21
40 37 23
42 35 23
40 38 22
39 38 23
40 39 21
44 38 18
42 37 21
44 37 19
43 38 19
43 39 18
42 41 17
41 42 17
44 43 13
44 42 14
43 45 12
38 49 13
38 51 11
40 47 13
37 48 15
-----
Simulation parameters:
Using 100 nodes.
Using 10 snapshot period.
Using 100 as maximum number of snapshots.
Using 1000 as maximum number of snapshots.
Using 1000 as height.
Using 0 as GUI option.
Using 2 infected nodes initially.
Using 100 as infection period.
Using 200 as contagion period.
Using 100 as immune period.
Using 200 as travel distance.
Using 1 as printout option.
Using 0 as stop_all_sane condition.
-----
98 2 0
98 2 0
98 2 0
98 2 0
98 2 0
98 2 0
98 2 0
97 3 0
95 5 0
95 5 0
94 6 0
93 7 0
92 8 0
92 8 0
92 8 0
92 8 0
91 8 1
90 9 1
90 9 1
88 11 1
85 14 1
85 13 2
83 15 2
82 14 4
81 15 4
80 16 4
81 16 3
80 15 5
78 17 5
77 18 5
78 17 5
77 17 6
79 15 6
79 15 6
78 16 6
78 16 6
78 14 8
78 13 9
78 13 9
81 13 6
81 13 6
81 11 8
80 11 9
79 12 9
80 11 9
80 11 9
80 11 9
81 10 9
84 9 7
83 9 8
81 11 8
80 11 9
80 13 7
81 13 6
81 13 6
82 12 6
82 13 5
83 13 4
82 14 4
80 15 5
80 15 5
80 16 4
79 16 5
77 18 5
75 20 5
74 22 4
72 22 6
70 24 6
69 23 8
71 23 6
72 21 7
71 21 8
68 24 8
67 26 7
66 27 7
63 29 8
61 30 9
61 30 9
62 27 11
61 26 13
60 27 13
59 27 14
60 25 15
59 26 15
59 26 15
61 25 14
59 26 15
62 23 15
64 23 13
66 21 13
67 19 14
67 19 14
66 20 14
68 20 12
68 16 16
68 16 16
69 15 16
70 16 14
69 18 13
71 16 13
-----
Simulation parameters:
Using 100 nodes.
Using 10 snapshot period.
Using 100 as maximum number of snapshots.
Using 1000 as maximum number of snapshots.
Using 1000 as height.
Using 0 as GUI option.
Using 2 infected nodes initially.
Using 100 as infection period.
Using 200 as contagion period.
Using 110 as immune period.
Using 200 as travel distance.
Using 1 as printout option.
Using 0 as stop_all_sane condition.
-----
98 2 0
98 2 0
98 2 0
98 2 0
98 2 0
98 2 0
98 2 0
98 2 0
96 4 0
94 6 0
92 8 0
88 12 0
87 13 0
86 14 0
86 14 0
86 14 0
85 14 1
85 14 1
85 14 1
84 15 1
84 15 1
82 16 2
82 16 2
80 18 2
79 18 3
78 18 4
79 18 3
79 15 6
78 14 8
77 14 9
77 13 10
77 12 11
77 13 10
77 11 12
76 12 12
75 13 12
76 13 11
76 13 11
76 14 10
79 15 6
80 13 7
81 12 7
80 13 7
79 15 6
78 15 7
77 14 9
76 15 9
76 15 9
74 17 9
72 19 9
72 20 8
73 20 7
74 21 5
74 22 4
71 25 4
70 23 7
71 22 7
70 22 8
67 24 9
67 23 10
67 23 10
66 24 10
65 25 10
64 25 11
65 25 10
66 23 11
70 19 11
71 17 12
70 17 13
70 17 13
69 16 15
68 16 16
67 17 16
67 17 16
66 19 15
68 20 12
67 20 13
73 20 7
74 19 7
72 20 8
71 21 8
69 21 10
64 24 12
64 25 11
63 25 12
61 28 11
60 29 11
62 30 8
60 30 10
61 30 9
62 30 8
62 30 8
61 30 9
60 32 8
59 33 8
59 31 10
56 33 11
52 36 12
50 34 16
50 34 16
-----
Simulation parameters:
Using 100 nodes.
Using 10 snapshot period.
Using 100 as maximum number of snapshots.
Using 1000 as maximum number of snapshots.
Using 1000 as height.
Using 0 as GUI option.
Using 2 infected nodes initially.
Using 100 as infection period.
Using 200 as contagion period.
Using 120 as immune period.
Using 200 as travel distance.
Using 1 as printout option.
Using 0 as stop_all_sane condition.
-----
98 2 0
98 2 0
98 2 0
98 2 0
98 2 0
98 2 0
98 2 0
97 3 0
97 3 0
95 5 0
94 6 0
94 6 0
93 7 0
92 8 0
92 8 0
92 8 0
92 7 1
91 8 1
91 8 1
91 7 2
91 7 2
91 7 2
89 9 2
89 9 2
89 8 3
89 9 2
88 10 2
87 11 2
87 8 5
87 8 5
87 9 4
86 9 5
86 8 6
85 9 6
84 10 6
84 9 7
85 9 6
84 9 7
84 8 8
84 7 9
84 7 9
84 7 9
85 6 9
86 6 8
86 7 7
87 7 6
87 7 6
89 7 4
89 7 4
89 7 4
86 9 5
89 9 2
88 10 2
86 11 3
85 11 4
85 11 4
85 11 4
85 10 5
84 11 5
84 12 4
83 13 4
81 15 4
79 17 4
79 17 4
79 17 4
79 18 3
79 19 2
78 19 3
78 19 3
76 21 3
76 20 4
75 19 6
75 17 8
75 17 8
73 19 8
71 21 8
72 19 9
71 18 11
73 17 10
72 18 10
70 21 9
70 21 9
69 22 9
70 21 9
70 21 9
70 21 9
71 19 10
70 18 12
68 19 13
68 20 12
69 20 11
68 21 11
66 20 14
66 19 15
67 18 15
68 17 15
69 17 14
71 17 12
69 19 12
68 19 13
-----
Simulation parameters:
Using 100 nodes.
Using 10 snapshot period.
Using 100 as maximum number of snapshots.
Using 1000 as maximum number of snapshots.
Using 1000 as height.
Using 0 as GUI option.
Using 2 infected nodes initially.
Using 100 as infection period.
Using 200 as contagion period.
Using 130 as immune period.
Using 200 as travel distance.
Using 1 as printout option.
Using 0 as stop_all_sane condition.
-----
98 2 0
98 2 0
98 2 0
98 2 0
98 2 0
98 2 0
98 2 0
96 4 0
95 5 0
93 7 0
91 9 0
89 11 0
88 12 0
84 16 0
83 17 0
81 19 0
80 19 1
79 20 1
77 22 1
76 23 1
75 23 2
71 27 2
70 27 3
68 28 4
66 30 4
65 31 4
63 32 5
60 35 5
59 32 9
60 30 10
60 28 12
59 26 15
60 27 13
59 26 15
60 24 16
60 23 17
61 23 16
61 23 16
61 19 20
64 19 17
65 17 18
65 14 21
66 14 20
69 14 17
71 13 16
71 12 17
71 14 15
71 14 15
74 12 14
74 12 14
74 13 13
77 10 13
77 11 12
75 13 12
76 13 11
75 14 11
76 13 11
76 14 10
74 16 10
75 15 10
77 16 7
77 15 8
78 14 8
74 17 9
73 18 9
73 19 8
73 19 8
73 19 8
74 20 6
75 20 5
74 21 5
70 23 7
69 23 8
69 25 6
70 25 5
69 24 7
69 20 11
67 22 11
65 24 11
65 22 13
64 23 13
63 23 14
60 25 15
62 25 13
61 25 14
62 23 15
61 22 17
63 21 16
67 21 12
68 21 11
67 20 13
66 21 13
66 21 13
65 22 13
64 20 16
64 21 15
62 23 15
60 24 16
59 24 17
62 23 15
-----
Simulation parameters:
Using 100 nodes.
Using 10 snapshot period.
Using 100 as maximum number of snapshots.
Using 1000 as maximum number of snapshots.
Using 1000 as height.
Using 0 as GUI option.
Using 2 infected nodes initially.
Using 100 as infection period.
Using 200 as contagion period.
Using 140 as immune period.
Using 200 as travel distance.
Using 1 as printout option.
Using 0 as stop_all_sane condition.
-----
98 2 0
98 2 0
98 2 0
98 2 0
98 2 0
98 2 0
98 2 0
98 2 0
96 4 0
94 6 0
92 8 0
91 9 0
90 10 0
89 11 0
89 10 1
89 9 2
89 9 2
89 9 2
88 10 2
86 12 2
85 13 2
84 14 2
84 13 3
84 12 4
83 12 5
82 13 5
82 12 6
81 12 7
81 13 6
80 14 6
81 12 7
81 10 9
81 10 9
81 8 11
81 8 11
81 9 10
81 9 10
80 10 10
81 10 9
82 10 8
85 8 7
84 8 8
85 8 7
84 6 10
83 6 11
84 6 10
84 6 10
86 6 8
85 7 8
84 8 8
83 9 8
84 9 7
84 9 7
85 10 5
85 10 5
86 10 4
84 12 4
84 12 4
85 12 3
85 12 3
85 12 3
84 10 6
84 9 7
84 8 8
83 10 7
83 10 7
83 10 7
81 12 7
81 12 7
81 12 7
80 13 7
81 12 7
83 12 5
83 10 7
85 10 5
86 9 5
86 9 5
85 10 5
83 10 7
83 7 10
82 8 10
82 7 11
82 7 11
82 6 12
82 7 11
82 7 11
83 7 10
84 7 9
85 7 8
85 8 7
89 8 3
89 7 4
88 8 4
88 9 3
88 7 5
86 9 5
86 9 5
85 9 6
84 10 6
85 9 6
-----
Simulation parameters:
Using 100 nodes.
Using 10 snapshot period.
Using 100 as maximum number of snapshots.
Using 1000 as maximum number of snapshots.
Using 1000 as height.
Using 0 as GUI option.
Using 2 infected nodes initially.
Using 100 as infection period.
Using 200 as contagion period.
Using 150 as immune period.
Using 200 as travel distance.
Using 1 as printout option.
Using 0 as stop_all_sane condition.
-----
98 2 0
98 2 0
98 2 0
98 2 0
98 2 0
98 2 0
98 2 0
95 5 0
95 5 0
94 6 0
94 6 0
92 8 0
90 10 0
90 10 0
90 9 1
89 10 1
89 10 1
89 10 1
89 10 1
88 11 1
86 12 2
86 12 2
86 12 2
84 13 3
82 13 5
80 15 5
79 16 5
79 15 6
78 16 6
77 17 6
77 17 6
77 16 7
78 15 7
78 13 9
77 14 9
78 14 8
79 13 8
80 12 8
79 10 11
79 11 10
79 9 12
79 9 12
79 8 13
80 7 13
80 8 12
81 8 11
80 10 10
79 10 11
78 9 13
82 9 9
82 8 10
82 8 10
83 6 11
84 8 8
83 9 8
83 10 7
82 10 8
81 12 7
81 12 7
80 13 7
80 13 7
80 13 7
79 15 6
77 16 7
79 16 5
79 17 4
77 18 5
74 20 6
72 22 6
73 21 6
72 22 6
71 22 7
71 21 8
69 23 8
66 27 7
63 30 7
64 28 8
61 30 9
61 30 9
62 29 9
60 30 10
61 29 10
59 30 11
60 29 11
60 25 15
60 24 16
61 24 15
59 26 15
58 27 15
58 28 14
57 25 18
55 24 21
53 25 22
54 23 23
53 24 23
52 21 27
52 20 28
55 22 23
56 22 22
54 23 23
-----
Simulation parameters:
Using 100 nodes.
Using 10 snapshot period.
Using 100 as maximum number of snapshots.
Using 1000 as maximum number of snapshots.
Using 1000 as height.
Using 0 as GUI option.
Using 2 infected nodes initially.
Using 100 as infection period.
Using 200 as contagion period.
Using 160 as immune period.
Using 200 as travel distance.
Using 1 as printout option.
Using 0 as stop_all_sane condition.
-----
98 2 0
98 2 0
98 2 0
98 2 0
98 2 0
98 2 0
98 2 0
98 2 0
96 4 0
96 4 0
94 6 0
94 6 0
94 6 0
93 7 0
92 8 0
90 10 0
90 10 0
90 10 0
90 10 0
89 11 0
89 11 0
89 11 0
86 14 0
86 13 1
85 12 3
85 12 3
84 12 4
84 12 4
82 12 6
82 12 6
81 13 6
80 14 6
78 14 8
78 14 8
78 13 9
77 12 11
78 12 10
76 13 11
77 12 11
78 12 10
79 12 9
79 13 8
77 14 9
75 15 10
75 16 9
75 15 10
74 16 10
73 16 11
71 17 12
70 18 12
68 18 14
71 19 10
69 20 11
67 22 11
67 22 11
67 23 10
68 22 10
68 19 13
70 18 12
70 19 11
69 19 12
69 19 12
68 18 14
68 18 14
64 22 14
63 23 14
63 21 16
62 21 17
64 21 15
65 22 13
67 19 14
67 19 14
68 17 15
68 15 17
68 15 17
67 16 17
67 14 19
66 14 20
67 16 17
67 16 17
67 16 17
68 16 16
65 19 16
64 19 17
64 19 17
65 19 16
68 19 13
69 19 12
69 16 15
70 17 13
71 16 13
71 16 13
72 13 15
70 16 14
70 16 14
69 17 14
68 18 14
69 17 14
69 17 14
68 18 14
-----
Simulation parameters:
Using 100 nodes.
Using 10 snapshot period.
Using 100 as maximum number of snapshots.
Using 1000 as maximum number of snapshots.
Using 1000 as height.
Using 0 as GUI option.
Using 2 infected nodes initially.
Using 100 as infection period.
Using 200 as contagion period.
Using 170 as immune period.
Using 200 as travel distance.
Using 1 as printout option.
Using 0 as stop_all_sane condition.
-----
98 2 0
98 2 0
98 2 0
98 2 0
98 2 0
98 2 0
98 2 0
98 2 0
96 4 0
96 4 0
96 4 0
95 5 0
94 6 0
94 6 0
93 7 0
93 7 0
92 8 0
90 9 1
88 11 1
88 11 1
87 12 1
84 14 2
83 15 2
81 17 2
80 17 3
79 18 3
79 16 5
77 18 5
75 20 5
75 20 5
75 19 6
75 18 7
74 18 8
72 18 10
72 19 9
71 17 12
72 15 13
72 16 12
72 15 13
72 15 13
71 13 16
72 11 17
71 12 17
68 15 17
68 13 19
68 13 19
68 14 18
68 14 18
66 16 18
68 14 18
68 16 16
71 16 13
72 16 12
71 18 11
72 18 10
73 15 12
73 13 14
71 15 14
70 15 15
71 16 13
72 14 14
72 15 13
72 15 13
72 14 14
72 14 14
71 14 15
71 12 17
72 13 15
70 15 15
69 15 16
69 16 15
70 17 13
70 16 14
69 17 14
66 20 14
67 20 13
66 20 14
69 19 12
69 21 10
67 24 9
68 23 9
63 26 11
63 25 12
62 24 14
61 26 13
61 27 12
62 26 12
59 29 12
58 29 13
57 28 15
56 27 17
55 27 18
53 28 19
53 28 19
53 28 19
55 26 19
55 26 19
55 26 19
55 24 21
56 25 19
-----
Simulation parameters:
Using 100 nodes.
Using 10 snapshot period.
Using 100 as maximum number of snapshots.
Using 1000 as maximum number of snapshots.
Using 1000 as height.
Using 0 as GUI option.
Using 2 infected nodes initially.
Using 100 as infection period.
Using 200 as contagion period.
Using 180 as immune period.
Using 200 as travel distance.
Using 1 as printout option.
Using 0 as stop_all_sane condition.
-----
98 2 0
98 2 0
98 2 0
98 2 0
98 2 0
98 2 0
98 2 0
98 2 0
97 3 0
96 4 0
95 5 0
93 7 0
93 7 0
93 7 0
93 7 0
92 8 0
90 10 0
89 11 0
87 13 0
86 13 1
84 15 1
84 15 1
83 16 1
82 17 1
79 19 2
78 20 2
76 21 3
76 21 3
75 21 4
74 22 4
74 22 4
74 21 5
74 20 6
72 21 7
69 23 8
67 24 9
66 25 9
65 22 13
63 24 13
62 21 17
59 24 17
54 27 19
54 27 19
51 29 20
49 31 20
47 32 21
46 34 20
45 35 20
46 34 20
47 31 22
48 30 22
48 28 24
49 27 24
48 26 26
49 26 25
50 28 22
50 27 23
50 26 24
51 24 25
51 25 24
52 24 24
53 21 26
53 22 25
52 20 28
54 18 28
54 19 27
54 20 26
57 19 24
57 18 25
57 17 26
56 18 26
56 21 23
55 24 21
55 26 19
53 26 21
52 26 22
52 27 21
53 26 21
54 26 20
55 25 20
57 23 20
56 27 17
54 28 18
52 32 16
54 31 15
54 29 17
50 33 17
51 33 16
48 35 17
49 33 18
48 36 16
47 38 15
44 37 19
44 35 21
41 35 24
41 36 23
40 35 25
41 33 26
39 34 27
36 35 29
-----
Simulation parameters:
Using 100 nodes.
Using 10 snapshot period.
Using 100 as maximum number of snapshots.
Using 1000 as maximum number of snapshots.
Using 1000 as height.
Using 0 as GUI option.
Using 2 infected nodes initially.
Using 100 as infection period.
Using 200 as contagion period.
Using 190 as immune period.
Using 200 as travel distance.
Using 1 as printout option.
Using 0 as stop_all_sane condition.
-----
98 2 0
98 2 0
98 2 0
98 2 0
98 2 0
98 2 0
98 2 0
97 3 0
97 3 0
97 3 0
96 4 0
95 5 0
94 6 0
93 7 0
92 8 0
92 8 0
92 8 0
91 9 0
91 9 0
90 10 0
90 10 0
89 10 1
89 10 1
87 12 1
86 12 2
84 14 2
84 14 2
84 14 2
83 14 3
81 15 4
81 14 5
78 17 5
77 17 6
75 18 7
72 19 9
71 20 9
71 20 9
70 21 9
71 20 9
70 20 10
68 22 10
68 22 10
69 19 12
66 22 12
65 22 13
65 22 13
64 22 14
65 21 14
65 21 14
65 20 15
64 20 16
64 21 15
60 24 16
58 23 19
57 22 21
56 24 20
57 22 21
57 19 24
57 20 23
57 21 22
57 21 22
56 23 21
59 23 18
59 22 19
57 23 20
56 23 21
57 22 21
58 23 19
58 23 19
56 24 20
55 28 17
57 28 15
58 28 14
58 29 13
56 30 14
57 26 17
57 25 18
53 29 18
51 30 19
51 28 21
47 31 22
47 31 22
46 31 23
42 35 23
41 37 22
42 37 21
41 38 21
39 38 23
41 36 23
40 36 24
35 38 27
34 38 28
32 40 28
33 41 26
33 41 26
35 39 26
34 41 25
35 36 29
33 41 26
33 38 29
-----
Simulation parameters:
Using 100 nodes.
Using 10 snapshot period.
Using 100 as maximum number of snapshots.
Using 1000 as maximum number of snapshots.
Using 1000 as height.
Using 0 as GUI option.
Using 2 infected nodes initially.
Using 100 as infection period.
Using 200 as contagion period.
Using 200 as immune period.
Using 200 as travel distance.
Using 1 as printout option.
Using 0 as stop_all_sane condition.
-----
98 2 0
98 2 0
98 2 0
98 2 0
98 2 0
98 2 0
98 2 0
97 3 0
97 3 0
97 3 0
97 3 0
96 4 0
96 4 0
95 5 0
93 6 1
92 7 1
92 7 1
92 7 1
92 7 1
91 7 2
91 7 2
88 10 2
87 11 2
86 11 3
85 12 3
84 13 3
83 13 4
83 12 5
80 15 5
78 17 5
79 16 5
77 18 5
75 19 6
75 19 6
74 20 6
74 20 6
73 21 6
70 24 6
70 22 8
70 20 10
70 19 11
69 20 11
69 18 13
68 18 14
68 17 15
68 16 16
69 14 17
69 15 16
69 14 17
67 15 18
66 16 18
66 15 19
66 14 20
68 14 18
68 12 20
68 12 20
65 15 20
66 13 21
68 13 19
69 13 18
70 10 20
68 11 21
69 12 19
70 11 19
71 10 19
71 11 18
73 11 16
76 11 13
78 10 12
79 10 11
79 8 13
78 7 15
79 7 14
80 7 13
82 8 10
82 9 9
83 7 10
83 8 9
83 7 10
83 7 10
82 8 10
82 8 10
81 8 11
82 7 11
84 7 9
84 7 9
81 10 9
82 10 8
82 10 8
81 11 8
78 14 8
76 16 8
75 17 8
75 18 7
75 18 7
75 15 10
72 17 11
73 18 9
73 18 9
74 18 8
